0.200000 0.191111 0.20 
0.203846 0.193333 0.20 
0.207692 0.196667 0.20 
0.211538 0.198889 0.20 
0.215385 0.202222 0.20 
0.219231 0.205556 0.20 
0.223077 0.207778 0.20 
0.226923 0.211111 0.20 
0.230769 0.213333 0.20 
0.234615 0.216667 0.20 
0.238462 0.220000 0.20 
0.242308 0.222222 0.20 
0.246154 0.225556 0.20 
0.250000 0.228889 0.20 
0.253846 0.231111 0.20 
0.257692 0.234444 0.20 
0.261538 0.237778 0.20 
0.265385 0.241111 0.20 
0.269231 0.243333 0.20 
0.273077 0.246667 0.20 
0.276923 0.250000 0.20 
0.280769 0.253333 0.20 
0.284615 0.256667 0.20 
0.288462 0.260000 0.20 
0.292308 0.262222 0.20 
0.296154 0.265556 0.20 
0.300000 0.268889 0.20 
0.303846 0.272222 0.20 
0.307692 0.275556 0.20 
0.311538 0.278889 0.20 
0.315385 0.282222 0.20 
0.319231 0.285556 0.20 
0.323077 0.288889 0.20 
0.326923 0.291111 0.20 
0.330769 0.294444 0.20 
0.334615 0.297778 0.20 
0.338462 0.301111 0.20 
0.342308 0.303333 0.20 
0.346154 0.306667 0.20 
0.350000 0.310000 0.20 
0.353846 0.313333 0.20 
0.357692 0.316667 0.20 
0.361538 0.318889 0.20 
0.365385 0.322222 0.20 
0.369231 0.325556 0.20 
0.373077 0.327778 0.20 
0.376923 0.331111 0.20 
0.380769 0.334444 0.20 
0.384615 0.337778 0.20 
0.388462 0.337778 0.20 
0.392308 0.337778 0.20 
0.223077 0.136667 0.30 
0.226923 0.138889 0.30 
0.230769 0.141111 0.30 
0.234615 0.143333 0.30 
0.238462 0.145556 0.30 
0.242308 0.148889 0.30 
0.246154 0.151111 0.30 
0.250000 0.153333 0.30 
0.253846 0.155556 0.30 
0.257692 0.157778 0.30 
0.261538 0.161111 0.30 
0.265385 0.163333 0.30 
0.269231 0.165556 0.30 
0.273077 0.167778 0.30 
0.276923 0.171111 0.30 
0.280769 0.173333 0.30 
0.284615 0.175556 0.30 
0.288462 0.177778 0.30 
0.292308 0.180000 0.30 
0.296154 0.182222 0.30 
0.300000 0.184444 0.30 
0.303846 0.187778 0.30 
0.307692 0.190000 0.30 
0.311538 0.192222 0.30 
0.315385 0.194444 0.30 
0.319231 0.196667 0.30 
0.323077 0.198889 0.30 
0.326923 0.201111 0.30 
0.330769 0.204444 0.30 
0.334615 0.206667 0.30 
0.338462 0.208889 0.30 
0.342308 0.211111 0.30 
0.346154 0.213333 0.30 
0.350000 0.215556 0.30 
0.353846 0.217778 0.30 
0.357692 0.220000 0.30 
0.361538 0.222222 0.30 
0.365385 0.224444 0.30 
0.369231 0.226667 0.30 
0.373077 0.228889 0.30 
0.376923 0.232222 0.30 
0.380769 0.234444 0.30 
0.384615 0.236667 0.30 
0.388462 0.238889 0.30 
0.392308 0.241111 0.30 
0.396154 0.243333 0.30 
0.400000 0.245556 0.30 
0.403846 0.247778 0.30 
0.407692 0.250000 0.30 
0.411538 0.252222 0.30 
0.415385 0.254444 0.30 
0.419231 0.256667 0.30 
0.423077 0.258889 0.30 
0.426923 0.261111 0.30 
0.430769 0.263333 0.30 
0.434615 0.265556 0.30 
0.438462 0.267778 0.30 
0.442308 0.270000 0.30 
0.446154 0.272222 0.30 
0.450000 0.274444 0.30 
0.453846 0.276667 0.30 
0.457692 0.278889 0.30 
0.461538 0.281111 0.30 
0.465385 0.283333 0.30 
0.469231 0.286667 0.30 
0.473077 0.288889 0.30 
0.476923 0.291111 0.30 
0.480769 0.293333 0.30 
0.484615 0.295556 0.30 
0.488462 0.297778 0.30 
0.492308 0.300000 0.30 
0.496154 0.302222 0.30 
0.500000 0.304444 0.30 
0.503846 0.306667 0.30 
0.507692 0.308889 0.30 
0.511538 0.311111 0.30 
0.515385 0.313333 0.30 
0.519231 0.315556 0.30 
0.523077 0.317778 0.30 
0.526923 0.320000 0.30 
0.530769 0.322222 0.30 
0.534615 0.324444 0.30 
0.538462 0.326667 0.30 
0.542308 0.328889 0.30 
0.546154 0.332222 0.30 
0.550000 0.334444 0.30 
0.553846 0.336667 0.30 
0.557692 0.338889 0.30 
0.561538 0.338889 0.30 
0.565385 0.338889 0.30 
0.223077 0.078889 0.40 
0.226923 0.081111 0.40 
0.230769 0.083333 0.40 
0.234615 0.085556 0.40 
0.238462 0.087778 0.40 
0.242308 0.090000 0.40 
0.246154 0.092222 0.40 
0.250000 0.094444 0.40 
0.253846 0.096667 0.40 
0.257692 0.098889 0.40 
0.261538 0.101111 0.40 
0.265385 0.102222 0.40 
0.269231 0.104444 0.40 
0.273077 0.106667 0.40 
0.276923 0.108889 0.40 
0.280769 0.111111 0.40 
0.284615 0.113333 0.40 
0.288462 0.115556 0.40 
0.292308 0.117778 0.40 
0.296154 0.120000 0.40 
0.300000 0.122222 0.40 
0.303846 0.124444 0.40 
0.307692 0.126667 0.40 
0.311538 0.128889 0.40 
0.315385 0.131111 0.40 
0.319231 0.133333 0.40 
0.323077 0.135556 0.40 
0.326923 0.137778 0.40 
0.330769 0.140000 0.40 
0.334615 0.142222 0.40 
0.338462 0.143333 0.40 
0.342308 0.145556 0.40 
0.346154 0.147778 0.40 
0.350000 0.150000 0.40 
0.353846 0.152222 0.40 
0.357692 0.154444 0.40 
0.361538 0.156667 0.40 
0.365385 0.157778 0.40 
0.369231 0.160000 0.40 
0.373077 0.162222 0.40 
0.376923 0.164444 0.40 
0.380769 0.166667 0.40 
0.384615 0.168889 0.40 
0.388462 0.170000 0.40 
0.392308 0.172222 0.40 
0.396154 0.174444 0.40 
0.400000 0.176667 0.40 
0.403846 0.177778 0.40 
0.407692 0.180000 0.40 
0.411538 0.182222 0.40 
0.415385 0.184444 0.40 
0.419231 0.185556 0.40 
0.423077 0.187778 0.40 
0.426923 0.190000 0.40 
0.430769 0.192222 0.40 
0.434615 0.193333 0.40 
0.438462 0.195556 0.40 
0.442308 0.197778 0.40 
0.446154 0.198889 0.40 
0.450000 0.201111 0.40 
0.453846 0.203333 0.40 
0.457692 0.205556 0.40 
0.461538 0.206667 0.40 
0.465385 0.208889 0.40 
0.469231 0.211111 0.40 
0.473077 0.212222 0.40 
0.476923 0.214444 0.40 
0.480769 0.216667 0.40 
0.484615 0.217778 0.40 
0.488462 0.220000 0.40 
0.492308 0.222222 0.40 
0.496154 0.223333 0.40 
0.500000 0.225556 0.40 
0.503846 0.227778 0.40 
0.507692 0.228889 0.40 
0.511538 0.231111 0.40 
0.515385 0.233333 0.40 
0.519231 0.234444 0.40 
0.523077 0.236667 0.40 
0.526923 0.238889 0.40 
0.530769 0.240000 0.40 
0.534615 0.242222 0.40 
0.538462 0.244444 0.40 
0.542308 0.245556 0.40 
0.546154 0.247778 0.40 
0.550000 0.250000 0.40 
0.553846 0.251111 0.40 
0.557692 0.253333 0.40 
0.561538 0.255556 0.40 
0.565385 0.256667 0.40 
0.569231 0.258889 0.40 
0.573077 0.261111 0.40 
0.576923 0.262222 0.40 
0.580769 0.264444 0.40 
0.584615 0.266667 0.40 
0.588462 0.267778 0.40 
0.592308 0.270000 0.40 
0.596154 0.272222 0.40 
0.600000 0.273333 0.40 
0.603846 0.275556 0.40 
0.607692 0.277778 0.40 
0.611538 0.278889 0.40 
0.615385 0.281111 0.40 
0.619231 0.283333 0.40 
0.623077 0.284444 0.40 
0.626923 0.286667 0.40 
0.630769 0.288889 0.40 
0.634615 0.290000 0.40 
0.638462 0.292222 0.40 
0.642308 0.294444 0.40 
0.646154 0.295556 0.40 
0.650000 0.297778 0.40 
0.653846 0.300000 0.40 
0.657692 0.301111 0.40 
0.661538 0.303333 0.40 
0.665385 0.305556 0.40 
0.669231 0.306667 0.40 
0.673077 0.308889 0.40 
0.676923 0.311111 0.40 
0.680769 0.312222 0.40 
0.684615 0.314444 0.40 
0.688462 0.316667 0.40 
0.692308 0.317778 0.40 
0.696154 0.320000 0.40 
0.700000 0.322222 0.40 
0.703846 0.323333 0.40 
0.707692 0.325556 0.40 
0.711538 0.327778 0.40 
0.715385 0.330000 0.40 
0.719231 0.331111 0.40 
0.723077 0.333333 0.40 
0.726923 0.335556 0.40 
0.730769 0.336667 0.40 
0.734615 0.338889 0.40 
0.738462 0.341111 0.40 
0.742308 0.342222 0.40 
0.746154 0.344444 0.40 
0.750000 0.346667 0.40 
0.753846 0.346667 0.40 
0.234615 0.033333 0.50 
0.238462 0.038889 0.50 
0.242308 0.043333 0.50 
0.246154 0.046667 0.50 
0.250000 0.050000 0.50 
0.253846 0.052222 0.50 
0.257692 0.055556 0.50 
0.261538 0.057778 0.50 
0.265385 0.060000 0.50 
0.269231 0.062222 0.50 
0.273077 0.065556 0.50 
0.276923 0.067778 0.50 
0.280769 0.070000 0.50 
0.284615 0.072222 0.50 
0.288462 0.074444 0.50 
0.292308 0.075556 0.50 
0.296154 0.077778 0.50 
0.300000 0.080000 0.50 
0.303846 0.082222 0.50 
0.307692 0.084444 0.50 
0.311538 0.086667 0.50 
0.315385 0.087778 0.50 
0.319231 0.090000 0.50 
0.323077 0.092222 0.50 
0.326923 0.094444 0.50 
0.330769 0.095556 0.50 
0.334615 0.097778 0.50 
0.338462 0.100000 0.50 
0.342308 0.101111 0.50 
0.346154 0.103333 0.50 
0.350000 0.105556 0.50 
0.353846 0.106667 0.50 
0.357692 0.108889 0.50 
0.361538 0.111111 0.50 
0.365385 0.112222 0.50 
0.369231 0.114444 0.50 
0.373077 0.116667 0.50 
0.376923 0.117778 0.50 
0.380769 0.120000 0.50 
0.384615 0.121111 0.50 
0.388462 0.123333 0.50 
0.392308 0.125556 0.50 
0.396154 0.126667 0.50 
0.400000 0.128889 0.50 
0.403846 0.130000 0.50 
0.407692 0.132222 0.50 
0.411538 0.134444 0.50 
0.415385 0.135556 0.50 
0.419231 0.137778 0.50 
0.423077 0.138889 0.50 
0.426923 0.141111 0.50 
0.430769 0.143333 0.50 
0.434615 0.144444 0.50 
0.438462 0.146667 0.50 
0.442308 0.147778 0.50 
0.446154 0.150000 0.50 
0.450000 0.151111 0.50 
0.453846 0.153333 0.50 
0.457692 0.154444 0.50 
0.461538 0.156667 0.50 
0.465385 0.158889 0.50 
0.469231 0.160000 0.50 
0.473077 0.162222 0.50 
0.476923 0.163333 0.50 
0.480769 0.165556 0.50 
0.484615 0.166667 0.50 
0.488462 0.168889 0.50 
0.492308 0.170000 0.50 
0.496154 0.172222 0.50 
0.500000 0.173333 0.50 
0.503846 0.175556 0.50 
0.507692 0.176667 0.50 
0.511538 0.178889 0.50 
0.515385 0.180000 0.50 
0.519231 0.182222 0.50 
0.523077 0.184444 0.50 
0.526923 0.185556 0.50 
0.530769 0.187778 0.50 
0.534615 0.188889 0.50 
0.538462 0.191111 0.50 
0.542308 0.192222 0.50 
0.546154 0.194444 0.50 
0.550000 0.195556 0.50 
0.553846 0.197778 0.50 
0.557692 0.198889 0.50 
0.561538 0.201111 0.50 
0.565385 0.202222 0.50 
0.569231 0.204444 0.50 
0.573077 0.205556 0.50 
0.576923 0.207778 0.50 
0.580769 0.208889 0.50 
0.584615 0.211111 0.50 
0.588462 0.212222 0.50 
0.592308 0.214444 0.50 
0.596154 0.215556 0.50 
0.600000 0.217778 0.50 
0.603846 0.218889 0.50 
0.607692 0.221111 0.50 
0.611538 0.222222 0.50 
0.615385 0.224444 0.50 
0.619231 0.225556 0.50 
0.623077 0.227778 0.50 
0.626923 0.228889 0.50 
0.630769 0.231111 0.50 
0.634615 0.232222 0.50 
0.638462 0.234444 0.50 
0.642308 0.235556 0.50 
0.646154 0.237778 0.50 
0.650000 0.238889 0.50 
0.653846 0.241111 0.50 
0.657692 0.242222 0.50 
0.661538 0.244444 0.50 
0.665385 0.245556 0.50 
0.669231 0.247778 0.50 
0.673077 0.248889 0.50 
0.676923 0.251111 0.50 
0.680769 0.252222 0.50 
0.684615 0.254444 0.50 
0.688462 0.255556 0.50 
0.692308 0.257778 0.50 
0.696154 0.258889 0.50 
0.700000 0.261111 0.50 
0.703846 0.262222 0.50 
0.707692 0.264444 0.50 
0.711538 0.265556 0.50 
0.715385 0.267778 0.50 
0.719231 0.268889 0.50 
0.723077 0.271111 0.50 
0.726923 0.272222 0.50 
0.730769 0.274444 0.50 
0.734615 0.275556 0.50 
0.738462 0.276667 0.50 
0.742308 0.278889 0.50 
0.746154 0.280000 0.50 
0.750000 0.282222 0.50 
0.753846 0.283333 0.50 
0.757692 0.285556 0.50 
0.761538 0.286667 0.50 
0.765385 0.288889 0.50 
0.769231 0.290000 0.50 
0.773077 0.292222 0.50 
0.776923 0.293333 0.50 
0.780769 0.295556 0.50 
0.784615 0.296667 0.50 
0.788462 0.298889 0.50 
0.792308 0.300000 0.50 
0.796154 0.302222 0.50 
0.800000 0.303333 0.50 
0.803846 0.305556 0.50 
0.807692 0.306667 0.50 
0.811538 0.308889 0.50 
0.815385 0.310000 0.50 
0.819231 0.311111 0.50 
0.823077 0.313333 0.50 
0.826923 0.314444 0.50 
0.830769 0.316667 0.50 
0.834615 0.317778 0.50 
0.838462 0.320000 0.50 
0.842308 0.321111 0.50 
0.846154 0.323333 0.50 
0.850000 0.324444 0.50 
0.853846 0.326667 0.50 
0.857692 0.327778 0.50 
0.861538 0.330000 0.50 
0.865385 0.331111 0.50 
0.869231 0.333333 0.50 
0.873077 0.334444 0.50 
0.876923 0.336667 0.50 
0.880769 0.337778 0.50 
0.884615 0.340000 0.50 
0.888462 0.341111 0.50 
0.892308 0.342222 0.50 
0.896154 0.344444 0.50 
0.900000 0.345556 0.50 
0.903846 0.347778 0.50 
0.907692 0.348889 0.50 
0.911538 0.351111 0.50 
0.915385 0.351111 0.50 
0.319231 0.043333 0.60 
0.323077 0.047778 0.60 
0.326923 0.052222 0.60 
0.330769 0.055556 0.60 
0.334615 0.057778 0.60 
0.338462 0.061111 0.60 
0.342308 0.063333 0.60 
0.346154 0.065556 0.60 
0.350000 0.067778 0.60 
0.353846 0.070000 0.60 
0.357692 0.072222 0.60 
0.361538 0.074444 0.60 
0.365385 0.076667 0.60 
0.369231 0.077778 0.60 
0.373077 0.080000 0.60 
0.376923 0.082222 0.60 
0.380769 0.084444 0.60 
0.384615 0.085556 0.60 
0.388462 0.087778 0.60 
0.392308 0.090000 0.60 
0.396154 0.091111 0.60 
0.400000 0.093333 0.60 
0.403846 0.094444 0.60 
0.407692 0.096667 0.60 
0.411538 0.097778 0.60 
0.415385 0.100000 0.60 
0.419231 0.101111 0.60 
0.423077 0.103333 0.60 
0.426923 0.105556 0.60 
0.430769 0.106667 0.60 
0.434615 0.108889 0.60 
0.438462 0.110000 0.60 
0.442308 0.111111 0.60 
0.446154 0.113333 0.60 
0.450000 0.114444 0.60 
0.453846 0.116667 0.60 
0.457692 0.117778 0.60 
0.461538 0.120000 0.60 
0.465385 0.121111 0.60 
0.469231 0.123333 0.60 
0.473077 0.124444 0.60 
0.476923 0.125556 0.60 
0.480769 0.127778 0.60 
0.484615 0.128889 0.60 
0.488462 0.131111 0.60 
0.492308 0.132222 0.60 
0.496154 0.134444 0.60 
0.500000 0.135556 0.60 
0.503846 0.136667 0.60 
0.507692 0.138889 0.60 
0.511538 0.140000 0.60 
0.515385 0.142222 0.60 
0.519231 0.143333 0.60 
0.523077 0.144444 0.60 
0.526923 0.146667 0.60 
0.530769 0.147778 0.60 
0.534615 0.148889 0.60 
0.538462 0.151111 0.60 
0.542308 0.152222 0.60 
0.546154 0.154444 0.60 
0.550000 0.155556 0.60 
0.553846 0.156667 0.60 
0.557692 0.158889 0.60 
0.561538 0.160000 0.60 
0.565385 0.161111 0.60 
0.569231 0.163333 0.60 
0.573077 0.164444 0.60 
0.576923 0.166667 0.60 
0.580769 0.167778 0.60 
0.584615 0.168889 0.60 
0.588462 0.171111 0.60 
0.592308 0.172222 0.60 
0.596154 0.173333 0.60 
0.600000 0.175556 0.60 
0.603846 0.176667 0.60 
0.607692 0.177778 0.60 
0.611538 0.180000 0.60 
0.615385 0.181111 0.60 
0.619231 0.182222 0.60 
0.623077 0.184444 0.60 
0.626923 0.185556 0.60 
0.630769 0.186667 0.60 
0.634615 0.188889 0.60 
0.638462 0.190000 0.60 
0.642308 0.191111 0.60 
0.646154 0.193333 0.60 
0.650000 0.194444 0.60 
0.653846 0.195556 0.60 
0.657692 0.197778 0.60 
0.661538 0.198889 0.60 
0.665385 0.200000 0.60 
0.669231 0.202222 0.60 
0.673077 0.203333 0.60 
0.676923 0.204444 0.60 
0.680769 0.206667 0.60 
0.684615 0.207778 0.60 
0.688462 0.208889 0.60 
0.692308 0.211111 0.60 
0.696154 0.212222 0.60 
0.700000 0.213333 0.60 
0.703846 0.215556 0.60 
0.707692 0.216667 0.60 
0.711538 0.217778 0.60 
0.715385 0.220000 0.60 
0.719231 0.221111 0.60 
0.723077 0.222222 0.60 
0.726923 0.223333 0.60 
0.730769 0.225556 0.60 
0.734615 0.226667 0.60 
0.738462 0.227778 0.60 
0.742308 0.230000 0.60 
0.746154 0.231111 0.60 
0.750000 0.232222 0.60 
0.753846 0.234444 0.60 
0.757692 0.235556 0.60 
0.761538 0.236667 0.60 
0.765385 0.238889 0.60 
0.769231 0.240000 0.60 
0.773077 0.241111 0.60 
0.776923 0.243333 0.60 
0.780769 0.244444 0.60 
0.784615 0.245556 0.60 
0.788462 0.246667 0.60 
0.792308 0.248889 0.60 
0.796154 0.250000 0.60 
0.800000 0.251111 0.60 
0.803846 0.253333 0.60 
0.807692 0.254444 0.60 
0.811538 0.255556 0.60 
0.815385 0.257778 0.60 
0.819231 0.258889 0.60 
0.823077 0.260000 0.60 
0.826923 0.262222 0.60 
0.830769 0.263333 0.60 
0.834615 0.264444 0.60 
0.838462 0.265556 0.60 
0.842308 0.267778 0.60 
0.846154 0.268889 0.60 
0.850000 0.270000 0.60 
0.853846 0.272222 0.60 
0.857692 0.273333 0.60 
0.861538 0.274444 0.60 
0.865385 0.276667 0.60 
0.869231 0.277778 0.60 
0.873077 0.278889 0.60 
0.876923 0.281111 0.60 
0.880769 0.282222 0.60 
0.884615 0.283333 0.60 
0.888462 0.285556 0.60 
0.892308 0.286667 0.60 
0.896154 0.287778 0.60 
0.900000 0.288889 0.60 
0.903846 0.291111 0.60 
0.907692 0.292222 0.60 
0.911538 0.293333 0.60 
0.915385 0.295556 0.60 
0.919231 0.296667 0.60 
0.923077 0.297778 0.60 
0.926923 0.300000 0.60 
0.930769 0.301111 0.60 
0.934615 0.302222 0.60 
0.938462 0.303333 0.60 
0.942308 0.305556 0.60 
0.946154 0.306667 0.60 
0.950000 0.307778 0.60 
0.953846 0.310000 0.60 
0.957692 0.311111 0.60 
0.961538 0.312222 0.60 
0.965385 0.314444 0.60 
0.969231 0.315556 0.60 
0.973077 0.316667 0.60 
0.976923 0.318889 0.60 
0.980769 0.320000 0.60 
0.984615 0.321111 0.60 
0.988462 0.323333 0.60 
0.992308 0.324444 0.60 
0.996154 0.325556 0.60 
1.000000 0.326667 0.60 
1.003846 0.328889 0.60 
1.007692 0.330000 0.60 
1.011538 0.331111 0.60 
1.015385 0.333333 0.60 
1.019231 0.334444 0.60 
1.023077 0.335556 0.60 
1.026923 0.337778 0.60 
1.030769 0.338889 0.60 
1.034615 0.340000 0.60 
1.038462 0.342222 0.60 
1.042308 0.343333 0.60 
1.046154 0.344444 0.60 
1.050000 0.345556 0.60 
1.053846 0.347778 0.60 
1.057692 0.347778 0.60 
0.419231 0.043333 0.70 
0.423077 0.046667 0.70 
0.426923 0.050000 0.70 
0.430769 0.052222 0.70 
0.434615 0.054444 0.70 
0.438462 0.056667 0.70 
0.442308 0.058889 0.70 
0.446154 0.061111 0.70 
0.450000 0.063333 0.70 
0.453846 0.065556 0.70 
0.457692 0.066667 0.70 
0.461538 0.068889 0.70 
0.465385 0.071111 0.70 
0.469231 0.072222 0.70 
0.473077 0.074444 0.70 
0.476923 0.075556 0.70 
0.480769 0.077778 0.70 
0.484615 0.078889 0.70 
0.488462 0.081111 0.70 
0.492308 0.082222 0.70 
0.496154 0.084444 0.70 
0.500000 0.085556 0.70 
0.503846 0.086667 0.70 
0.507692 0.088889 0.70 
0.511538 0.090000 0.70 
0.515385 0.092222 0.70 
0.519231 0.093333 0.70 
0.523077 0.094444 0.70 
0.526923 0.096667 0.70 
0.530769 0.097778 0.70 
0.534615 0.098889 0.70 
0.538462 0.101111 0.70 
0.542308 0.102222 0.70 
0.546154 0.103333 0.70 
0.550000 0.105556 0.70 
0.553846 0.106667 0.70 
0.557692 0.107778 0.70 
0.561538 0.110000 0.70 
0.565385 0.111111 0.70 
0.569231 0.112222 0.70 
0.573077 0.113333 0.70 
0.576923 0.115556 0.70 
0.580769 0.116667 0.70 
0.584615 0.117778 0.70 
0.588462 0.120000 0.70 
0.592308 0.121111 0.70 
0.596154 0.122222 0.70 
0.600000 0.123333 0.70 
0.603846 0.125556 0.70 
0.607692 0.126667 0.70 
0.611538 0.127778 0.70 
0.615385 0.130000 0.70 
0.619231 0.131111 0.70 
0.623077 0.132222 0.70 
0.626923 0.133333 0.70 
0.630769 0.135556 0.70 
0.634615 0.136667 0.70 
0.638462 0.137778 0.70 
0.642308 0.138889 0.70 
0.646154 0.141111 0.70 
0.650000 0.142222 0.70 
0.653846 0.143333 0.70 
0.657692 0.144444 0.70 
0.661538 0.146667 0.70 
0.665385 0.147778 0.70 
0.669231 0.148889 0.70 
0.673077 0.150000 0.70 
0.676923 0.152222 0.70 
0.680769 0.153333 0.70 
0.684615 0.154444 0.70 
0.688462 0.155556 0.70 
0.692308 0.157778 0.70 
0.696154 0.158889 0.70 
0.700000 0.160000 0.70 
0.703846 0.161111 0.70 
0.707692 0.163333 0.70 
0.711538 0.164444 0.70 
0.715385 0.165556 0.70 
0.719231 0.166667 0.70 
0.723077 0.168889 0.70 
0.726923 0.170000 0.70 
0.730769 0.171111 0.70 
0.734615 0.172222 0.70 
0.738462 0.174444 0.70 
0.742308 0.175556 0.70 
0.746154 0.176667 0.70 
0.750000 0.177778 0.70 
0.753846 0.178889 0.70 
0.757692 0.181111 0.70 
0.761538 0.182222 0.70 
0.765385 0.183333 0.70 
0.769231 0.184444 0.70 
0.773077 0.186667 0.70 
0.776923 0.187778 0.70 
0.780769 0.188889 0.70 
0.784615 0.190000 0.70 
0.788462 0.192222 0.70 
0.792308 0.193333 0.70 
0.796154 0.194444 0.70 
0.800000 0.195556 0.70 
0.803846 0.197778 0.70 
0.807692 0.198889 0.70 
0.811538 0.200000 0.70 
0.815385 0.201111 0.70 
0.819231 0.202222 0.70 
0.823077 0.204444 0.70 
0.826923 0.205556 0.70 
0.830769 0.206667 0.70 
0.834615 0.207778 0.70 
0.838462 0.210000 0.70 
0.842308 0.211111 0.70 
0.846154 0.212222 0.70 
0.850000 0.213333 0.70 
0.853846 0.214444 0.70 
0.857692 0.216667 0.70 
0.861538 0.217778 0.70 
0.865385 0.218889 0.70 
0.869231 0.220000 0.70 
0.873077 0.222222 0.70 
0.876923 0.223333 0.70 
0.880769 0.224444 0.70 
0.884615 0.225556 0.70 
0.888462 0.226667 0.70 
0.892308 0.228889 0.70 
0.896154 0.230000 0.70 
0.900000 0.231111 0.70 
0.903846 0.232222 0.70 
0.907692 0.234444 0.70 
0.911538 0.235556 0.70 
0.915385 0.236667 0.70 
0.919231 0.237778 0.70 
0.923077 0.240000 0.70 
0.926923 0.241111 0.70 
0.930769 0.242222 0.70 
0.934615 0.243333 0.70 
0.938462 0.244444 0.70 
0.942308 0.246667 0.70 
0.946154 0.247778 0.70 
0.950000 0.248889 0.70 
0.953846 0.250000 0.70 
0.957692 0.252222 0.70 
0.961538 0.253333 0.70 
0.965385 0.254444 0.70 
0.969231 0.255556 0.70 
0.973077 0.257778 0.70 
0.976923 0.258889 0.70 
0.980769 0.260000 0.70 
0.984615 0.261111 0.70 
0.988462 0.263333 0.70 
0.992308 0.264444 0.70 
0.996154 0.265556 0.70 
1.000000 0.266667 0.70 
1.003846 0.268889 0.70 
1.007692 0.270000 0.70 
1.011538 0.271111 0.70 
1.015385 0.272222 0.70 
1.019231 0.274444 0.70 
1.023077 0.275556 0.70 
1.026923 0.276667 0.70 
1.030769 0.278889 0.70 
1.034615 0.280000 0.70 
1.038462 0.281111 0.70 
1.042308 0.282222 0.70 
1.046154 0.284444 0.70 
1.050000 0.285556 0.70 
1.053846 0.286667 0.70 
1.057692 0.288889 0.70 
1.061538 0.290000 0.70 
1.065385 0.291111 0.70 
1.069231 0.292222 0.70 
1.073077 0.294444 0.70 
1.076923 0.295556 0.70 
1.080769 0.296667 0.70 
1.084615 0.297778 0.70 
1.088462 0.300000 0.70 
1.092308 0.301111 0.70 
1.096154 0.302222 0.70 
1.100000 0.304444 0.70 
1.103846 0.305556 0.70 
1.107692 0.306667 0.70 
1.111538 0.308889 0.70 
1.115385 0.310000 0.70 
1.119231 0.311111 0.70 
1.123077 0.313333 0.70 
1.126923 0.314444 0.70 
1.130769 0.315556 0.70 
1.134615 0.317778 0.70 
1.138462 0.318889 0.70 
1.142308 0.320000 0.70 
1.146154 0.321111 0.70 
1.150000 0.323333 0.70 
1.153846 0.324444 0.70 
1.157692 0.325556 0.70 
1.161538 0.327778 0.70 
1.165385 0.328889 0.70 
1.169231 0.330000 0.70 
1.173077 0.332222 0.70 
1.176923 0.333333 0.70 
1.180769 0.334444 0.70 
1.184615 0.336667 0.70 
1.188462 0.336667 0.70 
0.526923 0.042222 0.75 
0.530769 0.048889 0.75 
0.534615 0.052222 0.75 
0.538462 0.055556 0.75 
0.542308 0.057778 0.75 
0.546154 0.061111 0.75 
0.550000 0.063333 0.75 
0.553846 0.064444 0.75 
0.557692 0.066667 0.75 
0.561538 0.068889 0.75 
0.565385 0.071111 0.75 
0.569231 0.072222 0.75 
0.573077 0.074444 0.75 
0.576923 0.076667 0.75 
0.580769 0.077778 0.75 
0.584615 0.080000 0.75 
0.588462 0.081111 0.75 
0.592308 0.083333 0.75 
0.596154 0.084444 0.75 
0.600000 0.086667 0.75 
0.603846 0.087778 0.75 
0.607692 0.088889 0.75 
0.611538 0.091111 0.75 
0.615385 0.092222 0.75 
0.619231 0.093333 0.75 
0.623077 0.095556 0.75 
0.626923 0.096667 0.75 
0.630769 0.098889 0.75 
0.634615 0.100000 0.75 
0.638462 0.101111 0.75 
0.642308 0.103333 0.75 
0.646154 0.104444 0.75 
0.650000 0.105556 0.75 
0.653846 0.107778 0.75 
0.657692 0.108889 0.75 
0.661538 0.110000 0.75 
0.665385 0.111111 0.75 
0.669231 0.113333 0.75 
0.673077 0.114444 0.75 
0.676923 0.115556 0.75 
0.680769 0.117778 0.75 
0.684615 0.118889 0.75 
0.688462 0.120000 0.75 
0.692308 0.121111 0.75 
0.696154 0.123333 0.75 
0.700000 0.124444 0.75 
0.703846 0.125556 0.75 
0.707692 0.126667 0.75 
0.711538 0.128889 0.75 
0.715385 0.130000 0.75 
0.719231 0.131111 0.75 
0.723077 0.132222 0.75 
0.726923 0.134444 0.75 
0.730769 0.135556 0.75 
0.734615 0.136667 0.75 
0.738462 0.137778 0.75 
0.742308 0.140000 0.75 
0.746154 0.141111 0.75 
0.750000 0.142222 0.75 
0.753846 0.143333 0.75 
0.757692 0.144444 0.75 
0.761538 0.146667 0.75 
0.765385 0.147778 0.75 
0.769231 0.148889 0.75 
0.773077 0.150000 0.75 
0.776923 0.151111 0.75 
0.780769 0.153333 0.75 
0.784615 0.154444 0.75 
0.788462 0.155556 0.75 
0.792308 0.156667 0.75 
0.796154 0.158889 0.75 
0.800000 0.160000 0.75 
0.803846 0.161111 0.75 
0.807692 0.162222 0.75 
0.811538 0.163333 0.75 
0.815385 0.165556 0.75 
0.819231 0.166667 0.75 
0.823077 0.167778 0.75 
0.826923 0.168889 0.75 
0.830769 0.170000 0.75 
0.834615 0.172222 0.75 
0.838462 0.173333 0.75 
0.842308 0.174444 0.75 
0.846154 0.175556 0.75 
0.850000 0.176667 0.75 
0.853846 0.178889 0.75 
0.857692 0.180000 0.75 
0.861538 0.181111 0.75 
0.865385 0.182222 0.75 
0.869231 0.183333 0.75 
0.873077 0.184444 0.75 
0.876923 0.186667 0.75 
0.880769 0.187778 0.75 
0.884615 0.188889 0.75 
0.888462 0.190000 0.75 
0.892308 0.191111 0.75 
0.896154 0.192222 0.75 
0.900000 0.194444 0.75 
0.903846 0.195556 0.75 
0.907692 0.196667 0.75 
0.911538 0.197778 0.75 
0.915385 0.198889 0.75 
0.919231 0.201111 0.75 
0.923077 0.202222 0.75 
0.926923 0.203333 0.75 
0.930769 0.204444 0.75 
0.934615 0.205556 0.75 
0.938462 0.206667 0.75 
0.942308 0.208889 0.75 
0.946154 0.210000 0.75 
0.950000 0.211111 0.75 
0.953846 0.212222 0.75 
0.957692 0.213333 0.75 
0.961538 0.214444 0.75 
0.965385 0.216667 0.75 
0.969231 0.217778 0.75 
0.973077 0.218889 0.75 
0.976923 0.220000 0.75 
0.980769 0.221111 0.75 
0.984615 0.222222 0.75 
0.988462 0.224444 0.75 
0.992308 0.225556 0.75 
0.996154 0.226667 0.75 
1.000000 0.227778 0.75 
1.003846 0.228889 0.75 
1.007692 0.230000 0.75 
1.011538 0.232222 0.75 
1.015385 0.233333 0.75 
1.019231 0.234444 0.75 
1.023077 0.235556 0.75 
1.026923 0.236667 0.75 
1.030769 0.237778 0.75 
1.034615 0.240000 0.75 
1.038462 0.241111 0.75 
1.042308 0.242222 0.75 
1.046154 0.243333 0.75 
1.050000 0.244444 0.75 
1.053846 0.245556 0.75 
1.057692 0.247778 0.75 
1.061538 0.248889 0.75 
1.065385 0.250000 0.75 
1.069231 0.251111 0.75 
1.073077 0.252222 0.75 
1.076923 0.253333 0.75 
1.080769 0.255556 0.75 
1.084615 0.256667 0.75 
1.088462 0.257778 0.75 
1.092308 0.258889 0.75 
1.096154 0.260000 0.75 
1.100000 0.261111 0.75 
1.103846 0.263333 0.75 
1.107692 0.264444 0.75 
1.111538 0.265556 0.75 
1.115385 0.266667 0.75 
1.119231 0.267778 0.75 
1.123077 0.268889 0.75 
1.126923 0.271111 0.75 
1.130769 0.272222 0.75 
1.134615 0.273333 0.75 
1.138462 0.274444 0.75 
1.142308 0.275556 0.75 
1.146154 0.276667 0.75 
1.150000 0.278889 0.75 
1.153846 0.280000 0.75 
1.157692 0.281111 0.75 
1.161538 0.282222 0.75 
1.165385 0.283333 0.75 
1.169231 0.284444 0.75 
1.173077 0.285556 0.75 
1.176923 0.287778 0.75 
1.180769 0.288889 0.75 
1.184615 0.290000 0.75 
1.188462 0.291111 0.75 
1.192308 0.292222 0.75 
1.196154 0.293333 0.75 
1.200000 0.295556 0.75 
1.203846 0.296667 0.75 
1.207692 0.297778 0.75 
1.211538 0.298889 0.75 
1.215385 0.300000 0.75 
1.219231 0.301111 0.75 
1.223077 0.303333 0.75 
1.226923 0.304444 0.75 
1.230769 0.305556 0.75 
1.234615 0.306667 0.75 
1.238462 0.307778 0.75 
1.242308 0.308889 0.75 
1.246154 0.311111 0.75 
1.250000 0.312222 0.75 
1.253846 0.313333 0.75 
1.257692 0.314444 0.75 
1.261538 0.315556 0.75 
1.265385 0.316667 0.75 
1.269231 0.318889 0.75 
1.273077 0.320000 0.75 
1.276923 0.321111 0.75 
1.280769 0.322222 0.75 
1.284615 0.323333 0.75 
1.288462 0.324444 0.75 
1.292308 0.326667 0.75 
1.296154 0.327778 0.75 
1.300000 0.328889 0.75 
1.303846 0.328889 0.75 
0.623077 0.052222 0.80 
0.626923 0.055556 0.80 
0.630769 0.058889 0.80 
0.634615 0.062222 0.80 
0.638462 0.064444 0.80 
0.642308 0.066667 0.80 
0.646154 0.068889 0.80 
0.650000 0.071111 0.80 
0.653846 0.073333 0.80 
0.657692 0.075556 0.80 
0.661538 0.077778 0.80 
0.665385 0.078889 0.80 
0.669231 0.081111 0.80 
0.673077 0.082222 0.80 
0.676923 0.084444 0.80 
0.680769 0.085556 0.80 
0.684615 0.087778 0.80 
0.688462 0.088889 0.80 
0.692308 0.091111 0.80 
0.696154 0.092222 0.80 
0.700000 0.093333 0.80 
0.703846 0.095556 0.80 
0.707692 0.096667 0.80 
0.711538 0.097778 0.80 
0.715385 0.100000 0.80 
0.719231 0.101111 0.80 
0.723077 0.102222 0.80 
0.726923 0.103333 0.80 
0.730769 0.105556 0.80 
0.734615 0.106667 0.80 
0.738462 0.107778 0.80 
0.742308 0.108889 0.80 
0.746154 0.111111 0.80 
0.750000 0.112222 0.80 
0.753846 0.113333 0.80 
0.757692 0.114444 0.80 
0.761538 0.115556 0.80 
0.765385 0.117778 0.80 
0.769231 0.118889 0.80 
0.773077 0.120000 0.80 
0.776923 0.121111 0.80 
0.780769 0.122222 0.80 
0.784615 0.124444 0.80 
0.788462 0.125556 0.80 
0.792308 0.126667 0.80 
0.796154 0.127778 0.80 
0.800000 0.128889 0.80 
0.803846 0.130000 0.80 
0.807692 0.132222 0.80 
0.811538 0.133333 0.80 
0.815385 0.134444 0.80 
0.819231 0.135556 0.80 
0.823077 0.136667 0.80 
0.826923 0.137778 0.80 
0.830769 0.140000 0.80 
0.834615 0.141111 0.80 
0.838462 0.142222 0.80 
0.842308 0.143333 0.80 
0.846154 0.144444 0.80 
0.850000 0.145556 0.80 
0.853846 0.146667 0.80 
0.857692 0.147778 0.80 
0.861538 0.150000 0.80 
0.865385 0.151111 0.80 
0.869231 0.152222 0.80 
0.873077 0.153333 0.80 
0.876923 0.154444 0.80 
0.880769 0.155556 0.80 
0.884615 0.156667 0.80 
0.888462 0.157778 0.80 
0.892308 0.160000 0.80 
0.896154 0.161111 0.80 
0.900000 0.162222 0.80 
0.903846 0.163333 0.80 
0.907692 0.164444 0.80 
0.911538 0.165556 0.80 
0.915385 0.166667 0.80 
0.919231 0.167778 0.80 
0.923077 0.168889 0.80 
0.926923 0.171111 0.80 
0.930769 0.172222 0.80 
0.934615 0.173333 0.80 
0.938462 0.174444 0.80 
0.942308 0.175556 0.80 
0.946154 0.176667 0.80 
0.950000 0.177778 0.80 
0.953846 0.178889 0.80 
0.957692 0.180000 0.80 
0.961538 0.182222 0.80 
0.965385 0.183333 0.80 
0.969231 0.184444 0.80 
0.973077 0.185556 0.80 
0.976923 0.186667 0.80 
0.980769 0.187778 0.80 
0.984615 0.188889 0.80 
0.988462 0.190000 0.80 
0.992308 0.191111 0.80 
0.996154 0.192222 0.80 
1.000000 0.193333 0.80 
1.003846 0.195556 0.80 
1.007692 0.196667 0.80 
1.011538 0.197778 0.80 
1.015385 0.198889 0.80 
1.019231 0.200000 0.80 
1.023077 0.201111 0.80 
1.026923 0.202222 0.80 
1.030769 0.203333 0.80 
1.034615 0.204444 0.80 
1.038462 0.205556 0.80 
1.042308 0.206667 0.80 
1.046154 0.208889 0.80 
1.050000 0.210000 0.80 
1.053846 0.211111 0.80 
1.057692 0.212222 0.80 
1.061538 0.213333 0.80 
1.065385 0.214444 0.80 
1.069231 0.215556 0.80 
1.073077 0.216667 0.80 
1.076923 0.217778 0.80 
1.080769 0.218889 0.80 
1.084615 0.220000 0.80 
1.088462 0.221111 0.80 
1.092308 0.223333 0.80 
1.096154 0.224444 0.80 
1.100000 0.225556 0.80 
1.103846 0.226667 0.80 
1.107692 0.227778 0.80 
1.111538 0.228889 0.80 
1.115385 0.230000 0.80 
1.119231 0.231111 0.80 
1.123077 0.232222 0.80 
1.126923 0.233333 0.80 
1.130769 0.234444 0.80 
1.134615 0.235556 0.80 
1.138462 0.236667 0.80 
1.142308 0.238889 0.80 
1.146154 0.240000 0.80 
1.150000 0.241111 0.80 
1.153846 0.242222 0.80 
1.157692 0.243333 0.80 
1.161538 0.244444 0.80 
1.165385 0.245556 0.80 
1.169231 0.246667 0.80 
1.173077 0.247778 0.80 
1.176923 0.248889 0.80 
1.180769 0.250000 0.80 
1.184615 0.251111 0.80 
1.188462 0.252222 0.80 
1.192308 0.253333 0.80 
1.196154 0.255556 0.80 
1.200000 0.256667 0.80 
1.203846 0.257778 0.80 
1.207692 0.258889 0.80 
1.211538 0.260000 0.80 
1.215385 0.261111 0.80 
1.219231 0.262222 0.80 
1.223077 0.263333 0.80 
1.226923 0.264444 0.80 
1.230769 0.265556 0.80 
1.234615 0.266667 0.80 
1.238462 0.267778 0.80 
1.242308 0.268889 0.80 
1.246154 0.270000 0.80 
1.250000 0.271111 0.80 
1.253846 0.273333 0.80 
1.257692 0.274444 0.80 
1.261538 0.275556 0.80 
1.265385 0.276667 0.80 
1.269231 0.277778 0.80 
1.273077 0.278889 0.80 
1.276923 0.280000 0.80 
1.280769 0.281111 0.80 
1.284615 0.282222 0.80 
1.288462 0.283333 0.80 
1.292308 0.284444 0.80 
1.296154 0.285556 0.80 
1.300000 0.286667 0.80 
1.303846 0.287778 0.80 
1.307692 0.288889 0.80 
1.311538 0.290000 0.80 
1.315385 0.292222 0.80 
1.319231 0.293333 0.80 
1.323077 0.294444 0.80 
1.326923 0.295556 0.80 
1.330769 0.296667 0.80 
1.334615 0.297778 0.80 
1.338462 0.298889 0.80 
1.342308 0.300000 0.80 
1.346154 0.301111 0.80 
1.350000 0.302222 0.80 
1.353846 0.303333 0.80 
1.357692 0.304444 0.80 
1.361538 0.305556 0.80 
1.365385 0.306667 0.80 
1.369231 0.307778 0.80 
1.373077 0.308889 0.80 
1.376923 0.310000 0.80 
1.380769 0.312222 0.80 
1.384615 0.313333 0.80 
1.388462 0.314444 0.80 
1.392308 0.315556 0.80 
1.396154 0.316667 0.80 
1.400000 0.317778 0.80 
1.403846 0.318889 0.80 
1.407692 0.320000 0.80 
1.411538 0.321111 0.80 
1.415385 0.322222 0.80 
1.419231 0.323333 0.80 
1.423077 0.324444 0.80 
1.426923 0.325556 0.80 
1.430769 0.326667 0.80 
1.434615 0.327778 0.80 
1.438462 0.328889 0.80 
1.442308 0.330000 0.80 
1.446154 0.331111 0.80 
1.450000 0.332222 0.80 
1.453846 0.333333 0.80 
1.457692 0.334444 0.80 
1.461538 0.335556 0.80 
1.465385 0.336667 0.80 
1.469231 0.337778 0.80 
1.473077 0.338889 0.80 
1.476923 0.340000 0.80 
1.480769 0.341111 0.80 
1.484615 0.342222 0.80 
1.488462 0.343333 0.80 
1.492308 0.344444 0.80 
1.496154 0.345556 0.80 
1.500000 0.346667 0.80 
1.503846 0.347778 0.80 
1.507692 0.348889 0.80 
1.511538 0.350000 0.80 
1.515385 0.351111 0.80 
1.519231 0.352222 0.80 
1.523077 0.353333 0.80 
1.526923 0.354444 0.80 
1.530769 0.355556 0.80 
1.534615 0.356667 0.80 
1.538462 0.357778 0.80 
1.542308 0.358889 0.80 
1.546154 0.360000 0.80 
1.550000 0.361111 0.80 
1.553846 0.362222 0.80 
1.557692 0.363333 0.80 
1.561538 0.364444 0.80 
1.565385 0.365556 0.80 
1.569231 0.366667 0.80 
1.573077 0.367778 0.80 
1.576923 0.368889 0.80 
1.580769 0.370000 0.80 
1.584615 0.371111 0.80 
1.588462 0.372222 0.80 
1.592308 0.373333 0.80 
1.596154 0.374444 0.80 
1.600000 0.375556 0.80 
1.603846 0.376667 0.80 
1.607692 0.377778 0.80 
1.611538 0.378889 0.80 
1.615385 0.380000 0.80 
1.619231 0.381111 0.80 
1.623077 0.382222 0.80 
1.626923 0.383333 0.80 
1.630769 0.384444 0.80 
1.634615 0.385556 0.80 
1.638462 0.386667 0.80 
1.642308 0.387778 0.80 
1.646154 0.388889 0.80 
1.650000 0.390000 0.80 
1.653846 0.391111 0.80 
1.657692 0.392222 0.80 
1.661538 0.393333 0.80 
1.665385 0.394444 0.80 
1.669231 0.395556 0.80 
1.673077 0.396667 0.80 
1.676923 0.397778 0.80 
1.680769 0.398889 0.80 
1.684615 0.400000 0.80 
1.688462 0.401111 0.80 
1.692308 0.402222 0.80 
1.696154 0.403333 0.80 
1.700000 0.404444 0.80 
1.703846 0.405556 0.80 
1.707692 0.406667 0.80 
1.711538 0.407778 0.80 
1.715385 0.410000 0.80 
1.719231 0.411111 0.80 
1.723077 0.412222 0.80 
1.726923 0.413333 0.80 
1.730769 0.414444 0.80 
1.734615 0.415556 0.80 
1.738462 0.416667 0.80 
1.742308 0.417778 0.80 
1.746154 0.418889 0.80 
1.750000 0.420000 0.80 
1.753846 0.421111 0.80 
1.757692 0.422222 0.80 
1.761538 0.423333 0.80 
1.765385 0.424444 0.80 
1.769231 0.425556 0.80 
1.773077 0.426667 0.80 
1.776923 0.427778 0.80 
1.780769 0.428889 0.80 
1.784615 0.430000 0.80 
1.788462 0.431111 0.80 
1.792308 0.432222 0.80 
1.796154 0.433333 0.80 
1.800000 0.434444 0.80 
1.803846 0.435556 0.80 
1.807692 0.436667 0.80 
1.811538 0.437778 0.80 
1.815385 0.438889 0.80 
1.819231 0.440000 0.80 
1.823077 0.441111 0.80 
1.826923 0.442222 0.80 
1.830769 0.443333 0.80 
1.834615 0.444444 0.80 
1.838462 0.445556 0.80 
1.842308 0.446667 0.80 
1.846154 0.447778 0.80 
1.850000 0.448889 0.80 
1.853846 0.450000 0.80 
1.857692 0.450000 0.80 
0.626923 0.051111 0.80 
0.630769 0.051111 0.80 
0.634615 0.050000 0.80 
0.638462 0.048889 0.80 
0.642308 0.047778 0.80 
0.646154 0.046667 0.80 
0.650000 0.046667 0.80 
0.653846 0.045556 0.80 
0.657692 0.045556 0.80 
0.661538 0.044444 0.80 
0.665385 0.044444 0.80 
0.669231 0.043333 0.80 
0.673077 0.043333 0.80 
0.676923 0.043333 0.80 
0.680769 0.043333 0.80 
0.684615 0.042222 0.80 
0.688462 0.042222 0.80 
0.692308 0.042222 0.80 
0.696154 0.042222 0.80 
0.700000 0.042222 0.80 
0.703846 0.041111 0.80 
0.707692 0.041111 0.80 
0.711538 0.041111 0.80 
0.715385 0.041111 0.80 
0.719231 0.041111 0.80 
0.723077 0.041111 0.80 
0.726923 0.041111 0.80 
0.730769 0.041111 0.80 
0.734615 0.041111 0.80 
0.738462 0.041111 0.80 
0.742308 0.041111 0.80 
0.746154 0.040000 0.80 
0.750000 0.040000 0.80 
0.753846 0.040000 0.80 
0.757692 0.040000 0.80 
0.761538 0.040000 0.80 
0.765385 0.040000 0.80 
0.769231 0.040000 0.80 
0.773077 0.040000 0.80 
0.776923 0.040000 0.80 
0.780769 0.040000 0.80 
0.784615 0.040000 0.80 
0.788462 0.040000 0.80 
0.792308 0.040000 0.80 
0.796154 0.040000 0.80 
0.800000 0.040000 0.80 
0.803846 0.040000 0.80 
0.807692 0.040000 0.80 
0.811538 0.040000 0.80 
0.815385 0.040000 0.80 
0.819231 0.040000 0.80 
0.823077 0.040000 0.80 
0.826923 0.040000 0.80 
0.830769 0.040000 0.80 
0.834615 0.040000 0.80 
0.838462 0.040000 0.80 
0.842308 0.040000 0.80 
0.846154 0.040000 0.80 
0.850000 0.040000 0.80 
0.853846 0.040000 0.80 
0.857692 0.040000 0.80 
0.861538 0.040000 0.80 
0.865385 0.040000 0.80 
0.869231 0.040000 0.80 
0.873077 0.040000 0.80 
0.876923 0.040000 0.80 
0.880769 0.040000 0.80 
0.884615 0.040000 0.80 
0.888462 0.040000 0.80 
0.892308 0.040000 0.80 
0.896154 0.040000 0.80 
0.900000 0.041111 0.80 
0.903846 0.041111 0.80 
0.907692 0.041111 0.80 
0.911538 0.041111 0.80 
0.915385 0.041111 0.80 
0.919231 0.041111 0.80 
0.923077 0.041111 0.80 
0.926923 0.041111 0.80 
0.930769 0.041111 0.80 
0.934615 0.041111 0.80 
0.938462 0.041111 0.80 
0.942308 0.041111 0.80 
0.946154 0.041111 0.80 
0.950000 0.041111 0.80 
0.953846 0.041111 0.80 
0.957692 0.041111 0.80 
0.961538 0.041111 0.80 
0.965385 0.041111 0.80 
0.969231 0.041111 0.80 
0.973077 0.041111 0.80 
0.976923 0.041111 0.80 
0.980769 0.041111 0.80 
0.984615 0.042222 0.80 
0.988462 0.042222 0.80 
0.992308 0.042222 0.80 
0.996154 0.042222 0.80 
1.000000 0.042222 0.80 
1.003846 0.042222 0.80 
1.007692 0.042222 0.80 
1.011538 0.042222 0.80 
1.015385 0.042222 0.80 
1.019231 0.042222 0.80 
1.023077 0.042222 0.80 
1.026923 0.042222 0.80 
1.030769 0.042222 0.80 
1.034615 0.042222 0.80 
1.038462 0.042222 0.80 
1.042308 0.043333 0.80 
1.046154 0.043333 0.80 
1.050000 0.043333 0.80 
1.053846 0.043333 0.80 
1.057692 0.043333 0.80 
1.061538 0.043333 0.80 
1.065385 0.043333 0.80 
1.069231 0.043333 0.80 
1.073077 0.043333 0.80 
1.076923 0.043333 0.80 
1.080769 0.043333 0.80 
1.084615 0.043333 0.80 
1.088462 0.043333 0.80 
1.092308 0.043333 0.80 
1.096154 0.043333 0.80 
1.100000 0.044444 0.80 
1.103846 0.044444 0.80 
1.107692 0.044444 0.80 
1.111538 0.044444 0.80 
1.115385 0.044444 0.80 
1.119231 0.044444 0.80 
1.123077 0.044444 0.80 
1.126923 0.044444 0.80 
1.130769 0.044444 0.80 
1.134615 0.044444 0.80 
1.138462 0.044444 0.80 
1.142308 0.044444 0.80 
1.146154 0.044444 0.80 
1.150000 0.045556 0.80 
1.153846 0.045556 0.80 
1.157692 0.045556 0.80 
1.161538 0.045556 0.80 
1.165385 0.045556 0.80 
1.169231 0.045556 0.80 
1.173077 0.045556 0.80 
1.176923 0.045556 0.80 
1.180769 0.045556 0.80 
1.184615 0.045556 0.80 
1.188462 0.045556 0.80 
1.192308 0.045556 0.80 
1.196154 0.046667 0.80 
1.200000 0.046667 0.80 
1.203846 0.046667 0.80 
1.207692 0.046667 0.80 
1.211538 0.046667 0.80 
1.215385 0.046667 0.80 
1.219231 0.046667 0.80 
1.223077 0.046667 0.80 
1.226923 0.046667 0.80 
1.230769 0.046667 0.80 
1.234615 0.046667 0.80 
1.238462 0.046667 0.80 
1.242308 0.047778 0.80 
1.246154 0.047778 0.80 
1.250000 0.047778 0.80 
1.253846 0.047778 0.80 
1.257692 0.047778 0.80 
1.261538 0.047778 0.80 
1.265385 0.047778 0.80 
1.269231 0.047778 0.80 
1.273077 0.047778 0.80 
1.276923 0.047778 0.80 
1.280769 0.047778 0.80 
1.284615 0.048889 0.80 
1.288462 0.048889 0.80 
1.292308 0.048889 0.80 
1.296154 0.048889 0.80 
1.300000 0.048889 0.80 
1.303846 0.048889 0.80 
1.307692 0.048889 0.80 
1.311538 0.048889 0.80 
1.315385 0.048889 0.80 
1.319231 0.048889 0.80 
1.323077 0.050000 0.80 
1.326923 0.050000 0.80 
1.330769 0.050000 0.80 
1.334615 0.050000 0.80 
1.338462 0.050000 0.80 
1.342308 0.050000 0.80 
1.346154 0.050000 0.80 
1.350000 0.050000 0.80 
1.353846 0.050000 0.80 
1.357692 0.050000 0.80 
1.361538 0.050000 0.80 
1.365385 0.051111 0.80 
1.369231 0.051111 0.80 
1.373077 0.051111 0.80 
1.376923 0.051111 0.80 
1.380769 0.051111 0.80 
1.384615 0.051111 0.80 
1.388462 0.051111 0.80 
1.392308 0.051111 0.80 
1.396154 0.051111 0.80 
1.400000 0.052222 0.80 
1.403846 0.052222 0.80 
1.407692 0.052222 0.80 
1.411538 0.052222 0.80 
1.415385 0.052222 0.80 
1.419231 0.052222 0.80 
1.423077 0.052222 0.80 
1.426923 0.052222 0.80 
1.430769 0.052222 0.80 
1.434615 0.052222 0.80 
1.438462 0.053333 0.80 
1.442308 0.053333 0.80 
1.446154 0.053333 0.80 
1.450000 0.053333 0.80 
1.453846 0.053333 0.80 
1.457692 0.053333 0.80 
1.461538 0.053333 0.80 
1.465385 0.053333 0.80 
1.469231 0.053333 0.80 
1.473077 0.054444 0.80 
1.476923 0.054444 0.80 
1.480769 0.054444 0.80 
1.484615 0.054444 0.80 
1.488462 0.054444 0.80 
1.492308 0.054444 0.80 
1.496154 0.054444 0.80 
1.500000 0.054444 0.80 
1.503846 0.054444 0.80 
1.507692 0.055556 0.80 
1.511538 0.055556 0.80 
1.515385 0.055556 0.80 
1.519231 0.055556 0.80 
1.523077 0.055556 0.80 
1.526923 0.055556 0.80 
1.530769 0.055556 0.80 
1.534615 0.055556 0.80 
1.538462 0.055556 0.80 
1.542308 0.056667 0.80 
1.546154 0.056667 0.80 
1.550000 0.056667 0.80 
1.553846 0.056667 0.80 
1.557692 0.056667 0.80 
1.561538 0.056667 0.80 
1.565385 0.056667 0.80 
1.569231 0.056667 0.80 
1.573077 0.057778 0.80 
1.576923 0.057778 0.80 
1.580769 0.057778 0.80 
1.584615 0.057778 0.80 
1.588462 0.057778 0.80 
1.592308 0.057778 0.80 
1.596154 0.057778 0.80 
1.600000 0.057778 0.80 
1.603846 0.057778 0.80 
1.607692 0.058889 0.80 
1.611538 0.058889 0.80 
1.615385 0.058889 0.80 
1.619231 0.058889 0.80 
1.623077 0.058889 0.80 
1.626923 0.058889 0.80 
1.630769 0.058889 0.80 
1.634615 0.058889 0.80 
1.638462 0.060000 0.80 
1.642308 0.060000 0.80 
1.646154 0.060000 0.80 
1.650000 0.060000 0.80 
1.653846 0.060000 0.80 
1.657692 0.060000 0.80 
1.661538 0.060000 0.80 
1.665385 0.060000 0.80 
1.669231 0.061111 0.80 
1.673077 0.061111 0.80 
1.676923 0.061111 0.80 
1.680769 0.061111 0.80 
1.684615 0.061111 0.80 
1.688462 0.061111 0.80 
1.692308 0.061111 0.80 
1.696154 0.061111 0.80 
1.700000 0.062222 0.80 
1.703846 0.062222 0.80 
1.707692 0.062222 0.80 
1.711538 0.062222 0.80 
1.715385 0.062222 0.80 
1.719231 0.062222 0.80 
1.723077 0.062222 0.80 
1.726923 0.063333 0.80 
1.730769 0.063333 0.80 
1.734615 0.063333 0.80 
1.738462 0.063333 0.80 
1.742308 0.063333 0.80 
1.746154 0.063333 0.80 
1.750000 0.063333 0.80 
1.753846 0.064444 0.80 
1.757692 0.064444 0.80 
1.761538 0.064444 0.80 
1.765385 0.064444 0.80 
1.769231 0.064444 0.80 
1.773077 0.064444 0.80 
1.776923 0.064444 0.80 
1.780769 0.064444 0.80 
1.784615 0.065556 0.80 
1.788462 0.065556 0.80 
1.792308 0.065556 0.80 
1.796154 0.065556 0.80 
1.800000 0.065556 0.80 
1.803846 0.065556 0.80 
1.807692 0.065556 0.80 
1.811538 0.066667 0.80 
1.815385 0.066667 0.80 
1.819231 0.066667 0.80 
1.823077 0.066667 0.80 
1.826923 0.066667 0.80 
1.830769 0.066667 0.80 
1.834615 0.066667 0.80 
1.838462 0.067778 0.80 
1.842308 0.067778 0.80 
1.846154 0.067778 0.80 
1.850000 0.067778 0.80 
1.853846 0.067778 0.80 
1.857692 0.067778 0.80 
1.861538 0.067778 0.80 
1.865385 0.068889 0.80 
1.869231 0.068889 0.80 
1.873077 0.068889 0.80 
1.876923 0.068889 0.80 
1.880769 0.068889 0.80 
1.884615 0.068889 0.80 
1.888462 0.068889 0.80 
1.892308 0.070000 0.80 
1.896154 0.070000 0.80 
1.900000 0.070000 0.80 
1.903846 0.070000 0.80 
1.907692 0.070000 0.80 
1.911538 0.070000 0.80 
1.915385 0.071111 0.80 
1.919231 0.071111 0.80 
1.923077 0.071111 0.80 
1.926923 0.071111 0.80 
1.930769 0.071111 0.80 
1.934615 0.071111 0.80 
1.938462 0.071111 0.80 
1.942308 0.072222 0.80 
1.946154 0.072222 0.80 
1.950000 0.072222 0.80 
1.953846 0.072222 0.80 
1.957692 0.072222 0.80 
1.961538 0.072222 0.80 
1.965385 0.073333 0.80 
1.969231 0.073333 0.80 
1.973077 0.073333 0.80 
1.976923 0.073333 0.80 
1.980769 0.073333 0.80 
1.984615 0.073333 0.80 
1.988462 0.074444 0.80 
1.992308 0.074444 0.80 
1.996154 0.074444 0.80 
2.000000 0.074444 0.80 
2.003846 0.074444 0.80 
2.007692 0.074444 0.80 
2.011538 0.075556 0.80 
2.015385 0.075556 0.80 
2.019231 0.075556 0.80 
2.023077 0.075556 0.80 
2.026923 0.075556 0.80 
2.030769 0.075556 0.80 
2.034615 0.076667 0.80 
2.038462 0.076667 0.80 
2.042308 0.076667 0.80 
2.046154 0.076667 0.80 
2.050000 0.076667 0.80 
2.053846 0.076667 0.80 
2.057692 0.077778 0.80 
2.061538 0.077778 0.80 
2.065385 0.077778 0.80 
2.069231 0.077778 0.80 
2.073077 0.077778 0.80 
2.076923 0.078889 0.80 
2.080769 0.078889 0.80 
2.084615 0.078889 0.80 
2.088462 0.078889 0.80 
2.092308 0.078889 0.80 
2.096154 0.078889 0.80 
2.100000 0.080000 0.80 
2.103846 0.080000 0.80 
2.107692 0.080000 0.80 
2.111538 0.080000 0.80 
2.115385 0.080000 0.80 
2.119231 0.081111 0.80 
2.123077 0.081111 0.80 
2.126923 0.081111 0.80 
2.130769 0.081111 0.80 
2.134615 0.081111 0.80 
2.138462 0.082222 0.80 
2.142308 0.082222 0.80 
2.146154 0.082222 0.80 
2.150000 0.082222 0.80 
2.153846 0.082222 0.80 
2.157692 0.083333 0.80 
2.161538 0.083333 0.80 
2.165385 0.083333 0.80 
2.169231 0.083333 0.80 
2.173077 0.083333 0.80 
2.176923 0.084444 0.80 
2.180769 0.084444 0.80 
2.184615 0.084444 0.80 
2.188462 0.084444 0.80 
2.192308 0.084444 0.80 
2.196154 0.085556 0.80 
2.200000 0.085556 0.80 
2.203846 0.085556 0.80 
2.207692 0.085556 0.80 
2.211538 0.085556 0.80 
2.215385 0.086667 0.80 
2.219231 0.086667 0.80 
2.223077 0.086667 0.80 
2.226923 0.086667 0.80 
2.230769 0.086667 0.80 
2.234615 0.087778 0.80 
2.238462 0.087778 0.80 
2.242308 0.087778 0.80 
2.246154 0.087778 0.80 
2.250000 0.088889 0.80 
2.253846 0.088889 0.80 
2.257692 0.088889 0.80 
2.261538 0.088889 0.80 
2.265385 0.088889 0.80 
2.269231 0.090000 0.80 
2.273077 0.090000 0.80 
2.276923 0.090000 0.80 
2.280769 0.090000 0.80 
2.284615 0.091111 0.80 
2.288462 0.091111 0.80 
2.292308 0.091111 0.80 
2.296154 0.091111 0.80 
2.300000 0.092222 0.80 
2.303846 0.092222 0.80 
2.307692 0.092222 0.80 
2.311538 0.092222 0.80 
2.315385 0.093333 0.80 
2.319231 0.093333 0.80 
2.323077 0.093333 0.80 
2.326923 0.093333 0.80 
2.330769 0.093333 0.80 
2.334615 0.094444 0.80 
2.338462 0.094444 0.80 
2.342308 0.094444 0.80 
2.346154 0.094444 0.80 
2.350000 0.095556 0.80 
2.353846 0.095556 0.80 
2.357692 0.095556 0.80 
2.361538 0.095556 0.80 
2.365385 0.096667 0.80 
2.369231 0.096667 0.80 
2.373077 0.096667 0.80 
2.376923 0.097778 0.80 
2.380769 0.097778 0.80 
2.384615 0.097778 0.80 
2.388462 0.097778 0.80 
2.392308 0.098889 0.80 
2.396154 0.098889 0.80 
2.400000 0.098889 0.80 
2.403846 0.098889 0.80 
2.407692 0.100000 0.80 
2.411538 0.100000 0.80 
2.415385 0.100000 0.80 
2.419231 0.100000 0.80 
2.423077 0.101111 0.80 
2.426923 0.101111 0.80 
2.430769 0.101111 0.80 
2.434615 0.102222 0.80 
2.438462 0.102222 0.80 
2.442308 0.102222 0.80 
2.446154 0.102222 0.80 
2.450000 0.103333 0.80 
2.453846 0.103333 0.80 
2.457692 0.103333 0.80 
2.461538 0.104444 0.80 
2.465385 0.104444 0.80 
2.469231 0.104444 0.80 
2.473077 0.104444 0.80 
2.476923 0.105556 0.80 
2.480769 0.105556 0.80 
2.484615 0.105556 0.80 
2.488462 0.106667 0.80 
2.492308 0.106667 0.80 
2.496154 0.106667 0.80 
2.500000 0.107778 0.80 
2.503846 0.107778 0.80 
2.507692 0.107778 0.80 
2.511538 0.108889 0.80 
2.515385 0.108889 0.80 
2.519231 0.108889 0.80 
2.523077 0.108889 0.80 
2.526923 0.110000 0.80 
2.530769 0.110000 0.80 
2.534615 0.110000 0.80 
2.538462 0.111111 0.80 
2.542308 0.111111 0.80 
2.546154 0.111111 0.80 
2.550000 0.112222 0.80 
2.553846 0.112222 0.80 
2.557692 0.112222 0.80 
2.561538 0.113333 0.80 
2.565385 0.113333 0.80 
2.569231 0.113333 0.80 
2.573077 0.114444 0.80 
2.576923 0.114444 0.80 
2.580769 0.114444 0.80 
2.584615 0.115556 0.80 
2.588462 0.115556 0.80 
2.592308 0.115556 0.80 
2.596154 0.116667 0.80 
2.600000 0.116667 0.80 
2.603846 0.116667 0.80 
2.607692 0.117778 0.80 
2.611538 0.117778 0.80 
2.615385 0.117778 0.80 
2.619231 0.118889 0.80 
2.623077 0.118889 0.80 
2.626923 0.120000 0.80 
2.630769 0.120000 0.80 
2.634615 0.120000 0.80 
2.638462 0.121111 0.80 
2.642308 0.121111 0.80 
2.646154 0.121111 0.80 
2.650000 0.122222 0.80 
2.653846 0.122222 0.80 
2.657692 0.122222 0.80 
2.661538 0.123333 0.80 
2.665385 0.123333 0.80 
2.669231 0.124444 0.80 
2.673077 0.124444 0.80 
2.676923 0.124444 0.80 
2.680769 0.125556 0.80 
2.684615 0.125556 0.80 
2.688462 0.125556 0.80 
2.692308 0.126667 0.80 
2.696154 0.126667 0.80 
2.700000 0.127778 0.80 
2.703846 0.127778 0.80 
2.707692 0.127778 0.80 
2.711538 0.128889 0.80 
2.715385 0.128889 0.80 
2.719231 0.130000 0.80 
2.723077 0.130000 0.80 
2.726923 0.130000 0.80 
2.730769 0.131111 0.80 
2.734615 0.131111 0.80 
2.738462 0.132222 0.80 
2.742308 0.132222 0.80 
2.746154 0.132222 0.80 
2.750000 0.133333 0.80 
2.753846 0.133333 0.80 
2.757692 0.134444 0.80 
2.761538 0.134444 0.80 
2.765385 0.134444 0.80 
2.769231 0.135556 0.80 
2.773077 0.135556 0.80 
2.776923 0.136667 0.80 
2.780769 0.136667 0.80 
2.784615 0.136667 0.80 
2.788462 0.137778 0.80 
2.792308 0.137778 0.80 
2.796154 0.138889 0.80 
2.800000 0.138889 0.80 
2.803846 0.140000 0.80 
2.807692 0.140000 0.80 
2.811538 0.140000 0.80 
2.815385 0.141111 0.80 
2.819231 0.141111 0.80 
2.823077 0.142222 0.80 
2.826923 0.142222 0.80 
2.830769 0.143333 0.80 
2.834615 0.143333 0.80 
2.838462 0.143333 0.80 
2.842308 0.144444 0.80 
2.846154 0.144444 0.80 
2.850000 0.145556 0.80 
2.853846 0.145556 0.80 
2.857692 0.146667 0.80 
2.861538 0.146667 0.80 
2.865385 0.147778 0.80 
2.869231 0.147778 0.80 
2.873077 0.147778 0.80 
2.876923 0.148889 0.80 
2.880769 0.148889 0.80 
2.884615 0.150000 0.80 
2.888462 0.150000 0.80 
2.892308 0.151111 0.80 
2.896154 0.151111 0.80 
2.900000 0.152222 0.80 
2.903846 0.152222 0.80 
2.907692 0.152222 0.80 
2.911538 0.153333 0.80 
2.915385 0.153333 0.80 
2.919231 0.154444 0.80 
2.923077 0.154444 0.80 
2.926923 0.155556 0.80 
2.930769 0.155556 0.80 
2.934615 0.156667 0.80 
2.938462 0.156667 0.80 
2.942308 0.157778 0.80 
2.946154 0.157778 0.80 
2.950000 0.157778 0.80 
2.953846 0.158889 0.80 
2.957692 0.158889 0.80 
2.961538 0.160000 0.80 
2.965385 0.160000 0.80 
2.969231 0.161111 0.80 
2.973077 0.161111 0.80 
2.976923 0.162222 0.80 
2.980769 0.162222 0.80 
2.984615 0.163333 0.80 
0.776923 0.060000 0.85 
0.780769 0.062222 0.85 
0.784615 0.064444 0.85 
0.788462 0.066667 0.85 
0.792308 0.067778 0.85 
0.796154 0.070000 0.85 
0.800000 0.071111 0.85 
0.803846 0.072222 0.85 
0.807692 0.074444 0.85 
0.811538 0.075556 0.85 
0.815385 0.076667 0.85 
0.819231 0.077778 0.85 
0.823077 0.078889 0.85 
0.826923 0.081111 0.85 
0.830769 0.082222 0.85 
0.834615 0.083333 0.85 
0.838462 0.084444 0.85 
0.842308 0.085556 0.85 
0.846154 0.086667 0.85 
0.850000 0.087778 0.85 
0.853846 0.088889 0.85 
0.857692 0.091111 0.85 
0.861538 0.092222 0.85 
0.865385 0.093333 0.85 
0.869231 0.094444 0.85 
0.873077 0.095556 0.85 
0.876923 0.096667 0.85 
0.880769 0.097778 0.85 
0.884615 0.098889 0.85 
0.888462 0.100000 0.85 
0.892308 0.101111 0.85 
0.896154 0.102222 0.85 
0.900000 0.103333 0.85 
0.903846 0.104444 0.85 
0.907692 0.105556 0.85 
0.911538 0.106667 0.85 
0.915385 0.107778 0.85 
0.919231 0.108889 0.85 
0.923077 0.110000 0.85 
0.926923 0.111111 0.85 
0.930769 0.112222 0.85 
0.934615 0.113333 0.85 
0.938462 0.114444 0.85 
0.942308 0.115556 0.85 
0.946154 0.116667 0.85 
0.950000 0.117778 0.85 
0.953846 0.118889 0.85 
0.957692 0.120000 0.85 
0.961538 0.121111 0.85 
0.965385 0.122222 0.85 
0.969231 0.123333 0.85 
0.973077 0.124444 0.85 
0.976923 0.125556 0.85 
0.980769 0.126667 0.85 
0.984615 0.127778 0.85 
0.988462 0.128889 0.85 
0.992308 0.130000 0.85 
0.996154 0.131111 0.85 
1.000000 0.132222 0.85 
1.003846 0.133333 0.85 
1.007692 0.134444 0.85 
1.011538 0.135556 0.85 
1.015385 0.136667 0.85 
1.019231 0.137778 0.85 
1.023077 0.138889 0.85 
1.026923 0.140000 0.85 
1.030769 0.141111 0.85 
1.034615 0.142222 0.85 
1.038462 0.143333 0.85 
1.042308 0.144444 0.85 
1.046154 0.145556 0.85 
1.050000 0.146667 0.85 
1.053846 0.147778 0.85 
1.057692 0.148889 0.85 
1.061538 0.150000 0.85 
1.065385 0.151111 0.85 
1.069231 0.152222 0.85 
1.073077 0.153333 0.85 
1.076923 0.154444 0.85 
1.080769 0.155556 0.85 
1.084615 0.156667 0.85 
1.088462 0.157778 0.85 
1.092308 0.158889 0.85 
1.096154 0.160000 0.85 
1.100000 0.161111 0.85 
1.103846 0.162222 0.85 
1.107692 0.163333 0.85 
1.111538 0.164444 0.85 
1.115385 0.165556 0.85 
1.119231 0.166667 0.85 
1.123077 0.167778 0.85 
1.126923 0.168889 0.85 
1.130769 0.170000 0.85 
1.134615 0.171111 0.85 
1.138462 0.172222 0.85 
1.142308 0.173333 0.85 
1.146154 0.174444 0.85 
1.150000 0.175556 0.85 
1.153846 0.176667 0.85 
1.157692 0.177778 0.85 
1.161538 0.178889 0.85 
1.165385 0.178889 0.85 
1.169231 0.180000 0.85 
1.173077 0.181111 0.85 
1.176923 0.182222 0.85 
1.180769 0.183333 0.85 
1.184615 0.184444 0.85 
1.188462 0.185556 0.85 
1.192308 0.186667 0.85 
1.196154 0.187778 0.85 
1.200000 0.188889 0.85 
1.203846 0.190000 0.85 
1.207692 0.191111 0.85 
1.211538 0.192222 0.85 
1.215385 0.193333 0.85 
1.219231 0.194444 0.85 
1.223077 0.195556 0.85 
1.226923 0.196667 0.85 
1.230769 0.197778 0.85 
1.234615 0.198889 0.85 
1.238462 0.200000 0.85 
1.242308 0.201111 0.85 
1.246154 0.202222 0.85 
1.250000 0.203333 0.85 
1.253846 0.204444 0.85 
1.257692 0.205556 0.85 
1.261538 0.206667 0.85 
1.265385 0.207778 0.85 
1.269231 0.208889 0.85 
1.273077 0.208889 0.85 
1.276923 0.210000 0.85 
1.280769 0.211111 0.85 
1.284615 0.212222 0.85 
1.288462 0.213333 0.85 
1.292308 0.214444 0.85 
1.296154 0.215556 0.85 
1.300000 0.216667 0.85 
1.303846 0.217778 0.85 
1.307692 0.218889 0.85 
1.311538 0.220000 0.85 
1.315385 0.221111 0.85 
1.319231 0.222222 0.85 
1.323077 0.223333 0.85 
1.326923 0.224444 0.85 
1.330769 0.225556 0.85 
1.334615 0.226667 0.85 
1.338462 0.227778 0.85 
1.342308 0.228889 0.85 
1.346154 0.230000 0.85 
1.350000 0.231111 0.85 
1.353846 0.232222 0.85 
1.357692 0.233333 0.85 
1.361538 0.233333 0.85 
1.365385 0.234444 0.85 
1.369231 0.235556 0.85 
1.373077 0.236667 0.85 
1.376923 0.237778 0.85 
1.380769 0.238889 0.85 
1.384615 0.240000 0.85 
1.388462 0.241111 0.85 
1.392308 0.242222 0.85 
1.396154 0.243333 0.85 
1.400000 0.244444 0.85 
1.403846 0.245556 0.85 
1.407692 0.246667 0.85 
1.411538 0.247778 0.85 
1.415385 0.248889 0.85 
1.419231 0.250000 0.85 
1.423077 0.251111 0.85 
1.426923 0.252222 0.85 
1.430769 0.253333 0.85 
1.434615 0.254444 0.85 
1.438462 0.255556 0.85 
1.442308 0.256667 0.85 
1.446154 0.256667 0.85 
1.450000 0.257778 0.85 
1.453846 0.258889 0.85 
1.457692 0.260000 0.85 
1.461538 0.261111 0.85 
1.465385 0.262222 0.85 
1.469231 0.263333 0.85 
1.473077 0.264444 0.85 
1.476923 0.265556 0.85 
1.480769 0.266667 0.85 
1.484615 0.267778 0.85 
1.488462 0.268889 0.85 
1.492308 0.270000 0.85 
1.496154 0.271111 0.85 
1.500000 0.272222 0.85 
1.503846 0.273333 0.85 
1.507692 0.274444 0.85 
1.511538 0.275556 0.85 
1.515385 0.276667 0.85 
1.519231 0.277778 0.85 
1.523077 0.277778 0.85 
1.526923 0.278889 0.85 
1.530769 0.280000 0.85 
1.534615 0.281111 0.85 
1.538462 0.282222 0.85 
1.542308 0.283333 0.85 
1.546154 0.284444 0.85 
1.550000 0.285556 0.85 
1.553846 0.286667 0.85 
1.557692 0.287778 0.85 
1.561538 0.288889 0.85 
1.565385 0.290000 0.85 
1.569231 0.291111 0.85 
1.573077 0.292222 0.85 
1.576923 0.293333 0.85 
1.580769 0.294444 0.85 
1.584615 0.295556 0.85 
1.588462 0.296667 0.85 
1.592308 0.297778 0.85 
1.596154 0.298889 0.85 
1.600000 0.298889 0.85 
1.603846 0.300000 0.85 
1.607692 0.301111 0.85 
1.611538 0.302222 0.85 
1.615385 0.303333 0.85 
1.619231 0.304444 0.85 
1.623077 0.305556 0.85 
1.626923 0.306667 0.85 
1.630769 0.307778 0.85 
1.634615 0.308889 0.85 
1.638462 0.310000 0.85 
1.642308 0.311111 0.85 
1.646154 0.312222 0.85 
1.650000 0.313333 0.85 
1.653846 0.314444 0.85 
1.657692 0.315556 0.85 
1.661538 0.316667 0.85 
1.665385 0.317778 0.85 
1.669231 0.318889 0.85 
1.673077 0.320000 0.85 
1.676923 0.320000 0.85 
1.680769 0.321111 0.85 
1.684615 0.322222 0.85 
1.688462 0.323333 0.85 
1.692308 0.324444 0.85 
1.696154 0.325556 0.85 
1.700000 0.326667 0.85 
1.703846 0.327778 0.85 
1.707692 0.328889 0.85 
1.711538 0.330000 0.85 
1.715385 0.331111 0.85 
1.719231 0.332222 0.85 
1.723077 0.333333 0.85 
1.726923 0.334444 0.85 
1.730769 0.335556 0.85 
1.734615 0.336667 0.85 
1.738462 0.337778 0.85 
1.742308 0.338889 0.85 
1.746154 0.340000 0.85 
1.750000 0.341111 0.85 
1.753846 0.342222 0.85 
1.757692 0.342222 0.85 
1.761538 0.343333 0.85 
1.765385 0.344444 0.85 
1.769231 0.345556 0.85 
1.773077 0.346667 0.85 
1.776923 0.347778 0.85 
1.780769 0.348889 0.85 
1.784615 0.350000 0.85 
1.788462 0.351111 0.85 
1.792308 0.352222 0.85 
1.796154 0.353333 0.85 
1.800000 0.354444 0.85 
1.803846 0.355556 0.85 
1.807692 0.356667 0.85 
1.811538 0.357778 0.85 
1.815385 0.358889 0.85 
1.819231 0.360000 0.85 
1.823077 0.361111 0.85 
1.826923 0.362222 0.85 
1.830769 0.363333 0.85 
1.834615 0.363333 0.85 
1.838462 0.364444 0.85 
1.842308 0.365556 0.85 
1.846154 0.366667 0.85 
1.850000 0.367778 0.85 
1.853846 0.368889 0.85 
1.857692 0.370000 0.85 
1.861538 0.371111 0.85 
1.865385 0.372222 0.85 
1.869231 0.373333 0.85 
1.873077 0.374444 0.85 
1.876923 0.375556 0.85 
1.880769 0.376667 0.85 
1.884615 0.377778 0.85 
1.888462 0.378889 0.85 
1.892308 0.380000 0.85 
1.896154 0.381111 0.85 
1.900000 0.382222 0.85 
1.903846 0.383333 0.85 
1.907692 0.384444 0.85 
1.911538 0.385556 0.85 
1.915385 0.385556 0.85 
1.919231 0.386667 0.85 
1.923077 0.387778 0.85 
1.926923 0.388889 0.85 
1.930769 0.390000 0.85 
1.934615 0.391111 0.85 
1.938462 0.392222 0.85 
1.942308 0.393333 0.85 
1.946154 0.394444 0.85 
1.950000 0.395556 0.85 
1.953846 0.396667 0.85 
1.957692 0.397778 0.85 
1.961538 0.398889 0.85 
1.965385 0.400000 0.85 
1.969231 0.401111 0.85 
1.973077 0.402222 0.85 
1.976923 0.403333 0.85 
1.980769 0.404444 0.85 
1.984615 0.405556 0.85 
1.988462 0.406667 0.85 
1.992308 0.407778 0.85 
1.996154 0.408889 0.85 
2.000000 0.410000 0.85 
2.003846 0.410000 0.85 
2.007692 0.411111 0.85 
2.011538 0.412222 0.85 
2.015385 0.413333 0.85 
2.019231 0.414444 0.85 
2.023077 0.415556 0.85 
2.026923 0.416667 0.85 
2.030769 0.417778 0.85 
2.034615 0.418889 0.85 
2.038462 0.420000 0.85 
2.042308 0.421111 0.85 
2.046154 0.422222 0.85 
2.050000 0.423333 0.85 
2.053846 0.424444 0.85 
2.057692 0.425556 0.85 
2.061538 0.426667 0.85 
2.065385 0.427778 0.85 
2.069231 0.428889 0.85 
2.073077 0.430000 0.85 
2.076923 0.431111 0.85 
2.080769 0.432222 0.85 
2.084615 0.433333 0.85 
2.088462 0.434444 0.85 
2.092308 0.435556 0.85 
2.096154 0.435556 0.85 
2.100000 0.436667 0.85 
2.103846 0.437778 0.85 
2.107692 0.438889 0.85 
2.111538 0.440000 0.85 
2.115385 0.441111 0.85 
2.119231 0.442222 0.85 
2.123077 0.443333 0.85 
2.126923 0.444444 0.85 
2.130769 0.445556 0.85 
2.134615 0.446667 0.85 
2.138462 0.447778 0.85 
2.142308 0.448889 0.85 
2.146154 0.450000 0.85 
2.150000 0.451111 0.85 
2.153846 0.452222 0.85 
2.157692 0.453333 0.85 
2.161538 0.454444 0.85 
2.165385 0.455556 0.85 
2.169231 0.456667 0.85 
2.173077 0.457778 0.85 
2.176923 0.458889 0.85 
2.180769 0.460000 0.85 
2.184615 0.461111 0.85 
2.188462 0.462222 0.85 
2.192308 0.462222 0.85 
2.196154 0.463333 0.85 
2.200000 0.464444 0.85 
2.203846 0.465556 0.85 
2.207692 0.466667 0.85 
2.211538 0.467778 0.85 
2.215385 0.468889 0.85 
2.219231 0.470000 0.85 
2.223077 0.471111 0.85 
2.226923 0.472222 0.85 
2.230769 0.473333 0.85 
2.234615 0.474444 0.85 
2.238462 0.475556 0.85 
2.242308 0.476667 0.85 
2.246154 0.477778 0.85 
2.250000 0.478889 0.85 
2.253846 0.480000 0.85 
2.257692 0.481111 0.85 
2.261538 0.482222 0.85 
2.265385 0.483333 0.85 
2.269231 0.484444 0.85 
2.273077 0.485556 0.85 
2.276923 0.486667 0.85 
2.280769 0.487778 0.85 
2.284615 0.488889 0.85 
2.288462 0.490000 0.85 
2.292308 0.491111 0.85 
2.296154 0.492222 0.85 
2.300000 0.493333 0.85 
2.303846 0.494444 0.85 
2.307692 0.495556 0.85 
2.311538 0.495556 0.85 
2.315385 0.496667 0.85 
2.319231 0.497778 0.85 
2.323077 0.498889 0.85 
2.326923 0.500000 0.85 
2.330769 0.501111 0.85 
2.334615 0.502222 0.85 
2.338462 0.503333 0.85 
2.342308 0.504444 0.85 
2.346154 0.505556 0.85 
2.350000 0.506667 0.85 
2.353846 0.507778 0.85 
2.357692 0.508889 0.85 
2.361538 0.510000 0.85 
2.365385 0.511111 0.85 
2.369231 0.512222 0.85 
2.373077 0.513333 0.85 
2.376923 0.514444 0.85 
2.380769 0.515556 0.85 
2.384615 0.516667 0.85 
2.388462 0.516667 0.85 
0.776923 0.054444 0.85 
0.780769 0.054444 0.85 
0.784615 0.053333 0.85 
0.788462 0.053333 0.85 
0.792308 0.052222 0.85 
0.796154 0.052222 0.85 
0.800000 0.051111 0.85 
0.803846 0.051111 0.85 
0.807692 0.051111 0.85 
0.811538 0.051111 0.85 
0.815385 0.050000 0.85 
0.819231 0.050000 0.85 
0.823077 0.050000 0.85 
0.826923 0.050000 0.85 
0.830769 0.050000 0.85 
0.834615 0.050000 0.85 
0.838462 0.050000 0.85 
0.842308 0.050000 0.85 
0.846154 0.050000 0.85 
0.850000 0.050000 0.85 
0.853846 0.050000 0.85 
0.857692 0.050000 0.85 
0.861538 0.050000 0.85 
0.865385 0.050000 0.85 
0.869231 0.050000 0.85 
0.873077 0.050000 0.85 
0.876923 0.050000 0.85 
0.880769 0.050000 0.85 
0.884615 0.050000 0.85 
0.888462 0.050000 0.85 
0.892308 0.050000 0.85 
0.896154 0.050000 0.85 
0.900000 0.050000 0.85 
0.903846 0.050000 0.85 
0.907692 0.050000 0.85 
0.911538 0.050000 0.85 
0.915385 0.050000 0.85 
0.919231 0.050000 0.85 
0.923077 0.050000 0.85 
0.926923 0.050000 0.85 
0.930769 0.050000 0.85 
0.934615 0.050000 0.85 
0.938462 0.050000 0.85 
0.942308 0.050000 0.85 
0.946154 0.050000 0.85 
0.950000 0.050000 0.85 
0.953846 0.050000 0.85 
0.957692 0.050000 0.85 
0.961538 0.050000 0.85 
0.965385 0.050000 0.85 
0.969231 0.050000 0.85 
0.973077 0.051111 0.85 
0.976923 0.051111 0.85 
0.980769 0.051111 0.85 
0.984615 0.051111 0.85 
0.988462 0.051111 0.85 
0.992308 0.051111 0.85 
0.996154 0.051111 0.85 
1.000000 0.051111 0.85 
1.003846 0.051111 0.85 
1.007692 0.051111 0.85 
1.011538 0.051111 0.85 
1.015385 0.051111 0.85 
1.019231 0.051111 0.85 
1.023077 0.051111 0.85 
1.026923 0.052222 0.85 
1.030769 0.052222 0.85 
1.034615 0.052222 0.85 
1.038462 0.052222 0.85 
1.042308 0.052222 0.85 
1.046154 0.052222 0.85 
1.050000 0.052222 0.85 
1.053846 0.052222 0.85 
1.057692 0.052222 0.85 
1.061538 0.052222 0.85 
1.065385 0.052222 0.85 
1.069231 0.052222 0.85 
1.073077 0.052222 0.85 
1.076923 0.053333 0.85 
1.080769 0.053333 0.85 
1.084615 0.053333 0.85 
1.088462 0.053333 0.85 
1.092308 0.053333 0.85 
1.096154 0.053333 0.85 
1.100000 0.053333 0.85 
1.103846 0.053333 0.85 
1.107692 0.053333 0.85 
1.111538 0.053333 0.85 
1.115385 0.054444 0.85 
1.119231 0.054444 0.85 
1.123077 0.054444 0.85 
1.126923 0.054444 0.85 
1.130769 0.054444 0.85 
1.134615 0.054444 0.85 
1.138462 0.054444 0.85 
1.142308 0.054444 0.85 
1.146154 0.054444 0.85 
1.150000 0.054444 0.85 
1.153846 0.055556 0.85 
1.157692 0.055556 0.85 
1.161538 0.055556 0.85 
1.165385 0.055556 0.85 
1.169231 0.055556 0.85 
1.173077 0.055556 0.85 
1.176923 0.055556 0.85 
1.180769 0.055556 0.85 
1.184615 0.055556 0.85 
1.188462 0.055556 0.85 
1.192308 0.056667 0.85 
1.196154 0.056667 0.85 
1.200000 0.056667 0.85 
1.203846 0.056667 0.85 
1.207692 0.056667 0.85 
1.211538 0.056667 0.85 
1.215385 0.056667 0.85 
1.219231 0.056667 0.85 
1.223077 0.056667 0.85 
1.226923 0.057778 0.85 
1.230769 0.057778 0.85 
1.234615 0.057778 0.85 
1.238462 0.057778 0.85 
1.242308 0.057778 0.85 
1.246154 0.057778 0.85 
1.250000 0.057778 0.85 
1.253846 0.057778 0.85 
1.257692 0.057778 0.85 
1.261538 0.058889 0.85 
1.265385 0.058889 0.85 
1.269231 0.058889 0.85 
1.273077 0.058889 0.85 
1.276923 0.058889 0.85 
1.280769 0.058889 0.85 
1.284615 0.058889 0.85 
1.288462 0.058889 0.85 
1.292308 0.058889 0.85 
1.296154 0.060000 0.85 
1.300000 0.060000 0.85 
1.303846 0.060000 0.85 
1.307692 0.060000 0.85 
1.311538 0.060000 0.85 
1.315385 0.060000 0.85 
1.319231 0.060000 0.85 
1.323077 0.060000 0.85 
1.326923 0.060000 0.85 
1.330769 0.061111 0.85 
1.334615 0.061111 0.85 
1.338462 0.061111 0.85 
1.342308 0.061111 0.85 
1.346154 0.061111 0.85 
1.350000 0.061111 0.85 
1.353846 0.061111 0.85 
1.357692 0.061111 0.85 
1.361538 0.062222 0.85 
1.365385 0.062222 0.85 
1.369231 0.062222 0.85 
1.373077 0.062222 0.85 
1.376923 0.062222 0.85 
1.380769 0.062222 0.85 
1.384615 0.062222 0.85 
1.388462 0.062222 0.85 
1.392308 0.063333 0.85 
1.396154 0.063333 0.85 
1.400000 0.063333 0.85 
1.403846 0.063333 0.85 
1.407692 0.063333 0.85 
1.411538 0.063333 0.85 
1.415385 0.063333 0.85 
1.419231 0.063333 0.85 
1.423077 0.064444 0.85 
1.426923 0.064444 0.85 
1.430769 0.064444 0.85 
1.434615 0.064444 0.85 
1.438462 0.064444 0.85 
1.442308 0.064444 0.85 
1.446154 0.064444 0.85 
1.450000 0.065556 0.85 
1.453846 0.065556 0.85 
1.457692 0.065556 0.85 
1.461538 0.065556 0.85 
1.465385 0.065556 0.85 
1.469231 0.065556 0.85 
1.473077 0.065556 0.85 
1.476923 0.065556 0.85 
1.480769 0.066667 0.85 
1.484615 0.066667 0.85 
1.488462 0.066667 0.85 
1.492308 0.066667 0.85 
1.496154 0.066667 0.85 
1.500000 0.066667 0.85 
1.503846 0.066667 0.85 
1.507692 0.067778 0.85 
1.511538 0.067778 0.85 
1.515385 0.067778 0.85 
1.519231 0.067778 0.85 
1.523077 0.067778 0.85 
1.526923 0.067778 0.85 
1.530769 0.067778 0.85 
1.534615 0.068889 0.85 
1.538462 0.068889 0.85 
1.542308 0.068889 0.85 
1.546154 0.068889 0.85 
1.550000 0.068889 0.85 
1.553846 0.068889 0.85 
1.557692 0.068889 0.85 
1.561538 0.070000 0.85 
1.565385 0.070000 0.85 
1.569231 0.070000 0.85 
1.573077 0.070000 0.85 
1.576923 0.070000 0.85 
1.580769 0.070000 0.85 
1.584615 0.070000 0.85 
1.588462 0.071111 0.85 
1.592308 0.071111 0.85 
1.596154 0.071111 0.85 
1.600000 0.071111 0.85 
1.603846 0.071111 0.85 
1.607692 0.071111 0.85 
1.611538 0.072222 0.85 
1.615385 0.072222 0.85 
1.619231 0.072222 0.85 
1.623077 0.072222 0.85 
1.626923 0.072222 0.85 
1.630769 0.072222 0.85 
1.634615 0.073333 0.85 
1.638462 0.073333 0.85 
1.642308 0.073333 0.85 
1.646154 0.073333 0.85 
1.650000 0.073333 0.85 
1.653846 0.073333 0.85 
1.657692 0.073333 0.85 
1.661538 0.074444 0.85 
1.665385 0.074444 0.85 
1.669231 0.074444 0.85 
1.673077 0.074444 0.85 
1.676923 0.074444 0.85 
1.680769 0.074444 0.85 
1.684615 0.075556 0.85 
1.688462 0.075556 0.85 
1.692308 0.075556 0.85 
1.696154 0.075556 0.85 
1.700000 0.075556 0.85 
1.703846 0.075556 0.85 
1.707692 0.075556 0.85 
1.711538 0.076667 0.85 
1.715385 0.076667 0.85 
1.719231 0.076667 0.85 
1.723077 0.076667 0.85 
1.726923 0.076667 0.85 
1.730769 0.076667 0.85 
1.734615 0.077778 0.85 
1.738462 0.077778 0.85 
1.742308 0.077778 0.85 
1.746154 0.077778 0.85 
1.750000 0.077778 0.85 
1.753846 0.077778 0.85 
1.757692 0.078889 0.85 
1.761538 0.078889 0.85 
1.765385 0.078889 0.85 
1.769231 0.078889 0.85 
1.773077 0.078889 0.85 
1.776923 0.080000 0.85 
1.780769 0.080000 0.85 
1.784615 0.080000 0.85 
1.788462 0.080000 0.85 
1.792308 0.080000 0.85 
1.796154 0.080000 0.85 
1.800000 0.081111 0.85 
1.803846 0.081111 0.85 
1.807692 0.081111 0.85 
1.811538 0.081111 0.85 
1.815385 0.081111 0.85 
1.819231 0.081111 0.85 
1.823077 0.082222 0.85 
1.826923 0.082222 0.85 
1.830769 0.082222 0.85 
1.834615 0.082222 0.85 
1.838462 0.082222 0.85 
1.842308 0.083333 0.85 
1.846154 0.083333 0.85 
1.850000 0.083333 0.85 
1.853846 0.083333 0.85 
1.857692 0.083333 0.85 
1.861538 0.083333 0.85 
1.865385 0.084444 0.85 
1.869231 0.084444 0.85 
1.873077 0.084444 0.85 
1.876923 0.084444 0.85 
1.880769 0.084444 0.85 
1.884615 0.085556 0.85 
1.888462 0.085556 0.85 
1.892308 0.085556 0.85 
1.896154 0.085556 0.85 
1.900000 0.085556 0.85 
1.903846 0.086667 0.85 
1.907692 0.086667 0.85 
1.911538 0.086667 0.85 
1.915385 0.086667 0.85 
1.919231 0.086667 0.85 
1.923077 0.087778 0.85 
1.926923 0.087778 0.85 
1.930769 0.087778 0.85 
1.934615 0.087778 0.85 
1.938462 0.087778 0.85 
1.942308 0.088889 0.85 
1.946154 0.088889 0.85 
1.950000 0.088889 0.85 
1.953846 0.088889 0.85 
1.957692 0.088889 0.85 
1.961538 0.090000 0.85 
1.965385 0.090000 0.85 
1.969231 0.090000 0.85 
1.973077 0.090000 0.85 
1.976923 0.090000 0.85 
1.980769 0.091111 0.85 
1.984615 0.091111 0.85 
1.988462 0.091111 0.85 
1.992308 0.091111 0.85 
1.996154 0.091111 0.85 
2.000000 0.092222 0.85 
2.003846 0.092222 0.85 
2.007692 0.092222 0.85 
2.011538 0.092222 0.85 
2.015385 0.092222 0.85 
2.019231 0.093333 0.85 
2.023077 0.093333 0.85 
2.026923 0.093333 0.85 
2.030769 0.093333 0.85 
2.034615 0.094444 0.85 
2.038462 0.094444 0.85 
2.042308 0.094444 0.85 
2.046154 0.094444 0.85 
2.050000 0.094444 0.85 
2.053846 0.095556 0.85 
2.057692 0.095556 0.85 
2.061538 0.095556 0.85 
2.065385 0.095556 0.85 
2.069231 0.096667 0.85 
2.073077 0.096667 0.85 
2.076923 0.096667 0.85 
2.080769 0.096667 0.85 
2.084615 0.097778 0.85 
2.088462 0.097778 0.85 
2.092308 0.097778 0.85 
2.096154 0.097778 0.85 
2.100000 0.098889 0.85 
2.103846 0.098889 0.85 
2.107692 0.098889 0.85 
2.111538 0.098889 0.85 
2.115385 0.100000 0.85 
2.119231 0.100000 0.85 
2.123077 0.100000 0.85 
2.126923 0.100000 0.85 
2.130769 0.101111 0.85 
2.134615 0.101111 0.85 
2.138462 0.101111 0.85 
2.142308 0.101111 0.85 
2.146154 0.102222 0.85 
2.150000 0.102222 0.85 
2.153846 0.102222 0.85 
2.157692 0.102222 0.85 
2.161538 0.103333 0.85 
2.165385 0.103333 0.85 
2.169231 0.103333 0.85 
2.173077 0.103333 0.85 
2.176923 0.104444 0.85 
2.180769 0.104444 0.85 
2.184615 0.104444 0.85 
2.188462 0.104444 0.85 
2.192308 0.105556 0.85 
2.196154 0.105556 0.85 
2.200000 0.105556 0.85 
2.203846 0.106667 0.85 
2.207692 0.106667 0.85 
2.211538 0.106667 0.85 
2.215385 0.106667 0.85 
2.219231 0.107778 0.85 
2.223077 0.107778 0.85 
2.226923 0.107778 0.85 
2.230769 0.108889 0.85 
2.234615 0.108889 0.85 
2.238462 0.108889 0.85 
2.242308 0.108889 0.85 
2.246154 0.110000 0.85 
2.250000 0.110000 0.85 
2.253846 0.110000 0.85 
2.257692 0.111111 0.85 
2.261538 0.111111 0.85 
2.265385 0.111111 0.85 
2.269231 0.111111 0.85 
2.273077 0.112222 0.85 
2.276923 0.112222 0.85 
2.280769 0.112222 0.85 
2.284615 0.113333 0.85 
2.288462 0.113333 0.85 
2.292308 0.113333 0.85 
2.296154 0.114444 0.85 
2.300000 0.114444 0.85 
2.303846 0.114444 0.85 
2.307692 0.115556 0.85 
2.311538 0.115556 0.85 
2.315385 0.115556 0.85 
2.319231 0.116667 0.85 
2.323077 0.116667 0.85 
2.326923 0.116667 0.85 
2.330769 0.117778 0.85 
2.334615 0.117778 0.85 
2.338462 0.117778 0.85 
2.342308 0.118889 0.85 
2.346154 0.118889 0.85 
2.350000 0.118889 0.85 
2.353846 0.120000 0.85 
2.357692 0.120000 0.85 
2.361538 0.120000 0.85 
2.365385 0.121111 0.85 
2.369231 0.121111 0.85 
2.373077 0.121111 0.85 
2.376923 0.122222 0.85 
2.380769 0.122222 0.85 
2.384615 0.122222 0.85 
2.388462 0.123333 0.85 
2.392308 0.123333 0.85 
2.396154 0.124444 0.85 
2.400000 0.124444 0.85 
2.403846 0.124444 0.85 
2.407692 0.125556 0.85 
2.411538 0.125556 0.85 
2.415385 0.125556 0.85 
2.419231 0.126667 0.85 
2.423077 0.126667 0.85 
2.426923 0.127778 0.85 
2.430769 0.127778 0.85 
2.434615 0.127778 0.85 
2.438462 0.128889 0.85 
2.442308 0.128889 0.85 
2.446154 0.128889 0.85 
2.450000 0.130000 0.85 
2.453846 0.130000 0.85 
2.457692 0.131111 0.85 
2.461538 0.131111 0.85 
2.465385 0.131111 0.85 
2.469231 0.132222 0.85 
2.473077 0.132222 0.85 
2.476923 0.133333 0.85 
2.480769 0.133333 0.85 
2.484615 0.133333 0.85 
2.488462 0.134444 0.85 
2.492308 0.134444 0.85 
2.496154 0.135556 0.85 
2.500000 0.135556 0.85 
2.503846 0.136667 0.85 
2.507692 0.136667 0.85 
2.511538 0.136667 0.85 
2.515385 0.137778 0.85 
2.519231 0.137778 0.85 
2.523077 0.138889 0.85 
2.526923 0.138889 0.85 
2.530769 0.140000 0.85 
2.534615 0.140000 0.85 
2.538462 0.140000 0.85 
2.542308 0.141111 0.85 
2.546154 0.141111 0.85 
2.550000 0.142222 0.85 
2.553846 0.142222 0.85 
2.557692 0.143333 0.85 
2.561538 0.143333 0.85 
2.565385 0.144444 0.85 
2.569231 0.144444 0.85 
2.573077 0.145556 0.85 
2.576923 0.145556 0.85 
2.580769 0.145556 0.85 
2.584615 0.146667 0.85 
2.588462 0.146667 0.85 
2.592308 0.147778 0.85 
2.596154 0.147778 0.85 
2.600000 0.148889 0.85 
2.603846 0.148889 0.85 
2.607692 0.150000 0.85 
2.611538 0.150000 0.85 
2.615385 0.151111 0.85 
2.619231 0.151111 0.85 
2.623077 0.152222 0.85 
2.626923 0.152222 0.85 
2.630769 0.153333 0.85 
2.634615 0.153333 0.85 
2.638462 0.154444 0.85 
2.642308 0.154444 0.85 
2.646154 0.155556 0.85 
2.650000 0.155556 0.85 
2.653846 0.156667 0.85 
2.657692 0.156667 0.85 
2.661538 0.157778 0.85 
2.665385 0.157778 0.85 
2.669231 0.158889 0.85 
2.673077 0.158889 0.85 
2.676923 0.160000 0.85 
2.680769 0.160000 0.85 
2.684615 0.161111 0.85 
2.688462 0.161111 0.85 
2.692308 0.162222 0.85 
2.696154 0.163333 0.85 
2.700000 0.163333 0.85 
2.703846 0.164444 0.85 
2.707692 0.164444 0.85 
2.711538 0.165556 0.85 
2.715385 0.165556 0.85 
2.719231 0.166667 0.85 
2.723077 0.166667 0.85 
2.726923 0.167778 0.85 
2.730769 0.167778 0.85 
2.734615 0.168889 0.85 
2.738462 0.168889 0.85 
2.742308 0.170000 0.85 
2.746154 0.170000 0.85 
2.750000 0.171111 0.85 
2.753846 0.172222 0.85 
2.757692 0.172222 0.85 
2.761538 0.173333 0.85 
2.765385 0.173333 0.85 
2.769231 0.174444 0.85 
2.773077 0.174444 0.85 
2.776923 0.175556 0.85 
2.780769 0.176667 0.85 
2.784615 0.176667 0.85 
2.788462 0.177778 0.85 
2.792308 0.177778 0.85 
2.796154 0.178889 0.85 
2.800000 0.178889 0.85 
2.803846 0.180000 0.85 
2.807692 0.181111 0.85 
2.811538 0.181111 0.85 
2.815385 0.182222 0.85 
2.819231 0.182222 0.85 
2.823077 0.183333 0.85 
2.826923 0.183333 0.85 
2.830769 0.184444 0.85 
2.834615 0.184444 0.85 
2.838462 0.185556 0.85 
2.842308 0.186667 0.85 
2.846154 0.186667 0.85 
2.850000 0.187778 0.85 
2.853846 0.187778 0.85 
2.857692 0.188889 0.85 
2.861538 0.190000 0.85 
2.865385 0.190000 0.85 
2.869231 0.191111 0.85 
2.873077 0.191111 0.85 
2.876923 0.192222 0.85 
2.880769 0.193333 0.85 
2.884615 0.193333 0.85 
2.888462 0.194444 0.85 
2.892308 0.194444 0.85 
2.896154 0.195556 0.85 
2.900000 0.195556 0.85 
2.903846 0.196667 0.85 
2.907692 0.196667 0.85 
1.269231 0.102222 0.90 
1.273077 0.104444 0.90 
1.276923 0.106667 0.90 
1.280769 0.108889 0.90 
1.284615 0.110000 0.90 
1.288462 0.111111 0.90 
1.292308 0.113333 0.90 
1.296154 0.114444 0.90 
1.300000 0.115556 0.90 
1.303846 0.116667 0.90 
1.307692 0.117778 0.90 
1.311538 0.118889 0.90 
1.315385 0.120000 0.90 
1.319231 0.121111 0.90 
1.323077 0.122222 0.90 
1.326923 0.123333 0.90 
1.330769 0.124444 0.90 
1.334615 0.125556 0.90 
1.338462 0.126667 0.90 
1.342308 0.126667 0.90 
1.346154 0.127778 0.90 
1.350000 0.128889 0.90 
1.353846 0.130000 0.90 
1.357692 0.131111 0.90 
1.361538 0.132222 0.90 
1.365385 0.133333 0.90 
1.369231 0.133333 0.90 
1.373077 0.134444 0.90 
1.376923 0.135556 0.90 
1.380769 0.136667 0.90 
1.384615 0.137778 0.90 
1.388462 0.137778 0.90 
1.392308 0.138889 0.90 
1.396154 0.140000 0.90 
1.400000 0.141111 0.90 
1.403846 0.142222 0.90 
1.407692 0.143333 0.90 
1.411538 0.143333 0.90 
1.415385 0.144444 0.90 
1.419231 0.145556 0.90 
1.423077 0.146667 0.90 
1.426923 0.146667 0.90 
1.430769 0.147778 0.90 
1.434615 0.148889 0.90 
1.438462 0.150000 0.90 
1.442308 0.151111 0.90 
1.446154 0.151111 0.90 
1.450000 0.152222 0.90 
1.453846 0.153333 0.90 
1.457692 0.154444 0.90 
1.461538 0.154444 0.90 
1.465385 0.155556 0.90 
1.469231 0.156667 0.90 
1.473077 0.157778 0.90 
1.476923 0.157778 0.90 
1.480769 0.158889 0.90 
1.484615 0.160000 0.90 
1.488462 0.161111 0.90 
1.492308 0.161111 0.90 
1.496154 0.162222 0.90 
1.500000 0.163333 0.90 
1.503846 0.163333 0.90 
1.507692 0.164444 0.90 
1.511538 0.165556 0.90 
1.515385 0.166667 0.90 
1.519231 0.166667 0.90 
1.523077 0.167778 0.90 
1.526923 0.168889 0.90 
1.530769 0.170000 0.90 
1.534615 0.170000 0.90 
1.538462 0.171111 0.90 
1.542308 0.172222 0.90 
1.546154 0.172222 0.90 
1.550000 0.173333 0.90 
1.553846 0.174444 0.90 
1.557692 0.175556 0.90 
1.561538 0.175556 0.90 
1.565385 0.176667 0.90 
1.569231 0.177778 0.90 
1.573077 0.177778 0.90 
1.576923 0.178889 0.90 
1.580769 0.180000 0.90 
1.584615 0.181111 0.90 
1.588462 0.181111 0.90 
1.592308 0.182222 0.90 
1.596154 0.183333 0.90 
1.600000 0.183333 0.90 
1.603846 0.184444 0.90 
1.607692 0.185556 0.90 
1.611538 0.186667 0.90 
1.615385 0.186667 0.90 
1.619231 0.187778 0.90 
1.623077 0.188889 0.90 
1.626923 0.188889 0.90 
1.630769 0.190000 0.90 
1.634615 0.191111 0.90 
1.638462 0.191111 0.90 
1.642308 0.192222 0.90 
1.646154 0.193333 0.90 
1.650000 0.194444 0.90 
1.653846 0.194444 0.90 
1.657692 0.195556 0.90 
1.661538 0.196667 0.90 
1.665385 0.196667 0.90 
1.669231 0.197778 0.90 
1.673077 0.198889 0.90 
1.676923 0.198889 0.90 
1.680769 0.200000 0.90 
1.684615 0.201111 0.90 
1.688462 0.201111 0.90 
1.692308 0.202222 0.90 
1.696154 0.203333 0.90 
1.700000 0.203333 0.90 
1.703846 0.204444 0.90 
1.707692 0.205556 0.90 
1.711538 0.205556 0.90 
1.715385 0.206667 0.90 
1.719231 0.207778 0.90 
1.723077 0.208889 0.90 
1.726923 0.208889 0.90 
1.730769 0.210000 0.90 
1.734615 0.211111 0.90 
1.738462 0.211111 0.90 
1.742308 0.212222 0.90 
1.746154 0.213333 0.90 
1.750000 0.213333 0.90 
1.753846 0.214444 0.90 
1.757692 0.215556 0.90 
1.761538 0.215556 0.90 
1.765385 0.216667 0.90 
1.769231 0.217778 0.90 
1.773077 0.217778 0.90 
1.776923 0.218889 0.90 
1.780769 0.220000 0.90 
1.784615 0.220000 0.90 
1.788462 0.221111 0.90 
1.792308 0.222222 0.90 
1.796154 0.222222 0.90 
1.800000 0.223333 0.90 
1.803846 0.224444 0.90 
1.807692 0.224444 0.90 
1.811538 0.225556 0.90 
1.815385 0.226667 0.90 
1.819231 0.226667 0.90 
1.823077 0.227778 0.90 
1.826923 0.228889 0.90 
1.830769 0.228889 0.90 
1.834615 0.230000 0.90 
1.838462 0.231111 0.90 
1.842308 0.231111 0.90 
1.846154 0.232222 0.90 
1.850000 0.233333 0.90 
1.853846 0.233333 0.90 
1.857692 0.234444 0.90 
1.861538 0.235556 0.90 
1.865385 0.235556 0.90 
1.869231 0.236667 0.90 
1.873077 0.237778 0.90 
1.876923 0.237778 0.90 
1.880769 0.238889 0.90 
1.884615 0.238889 0.90 
1.888462 0.240000 0.90 
1.892308 0.241111 0.90 
1.896154 0.241111 0.90 
1.900000 0.242222 0.90 
1.903846 0.243333 0.90 
1.907692 0.243333 0.90 
1.911538 0.244444 0.90 
1.915385 0.245556 0.90 
1.919231 0.245556 0.90 
1.923077 0.246667 0.90 
1.926923 0.247778 0.90 
1.930769 0.247778 0.90 
1.934615 0.248889 0.90 
1.938462 0.250000 0.90 
1.942308 0.250000 0.90 
1.946154 0.251111 0.90 
1.950000 0.251111 0.90 
1.953846 0.252222 0.90 
1.957692 0.253333 0.90 
1.961538 0.253333 0.90 
1.965385 0.254444 0.90 
1.969231 0.255556 0.90 
1.973077 0.255556 0.90 
1.976923 0.256667 0.90 
1.980769 0.257778 0.90 
1.984615 0.257778 0.90 
1.988462 0.258889 0.90 
1.992308 0.258889 0.90 
1.996154 0.260000 0.90 
2.000000 0.261111 0.90 
2.003846 0.261111 0.90 
2.007692 0.262222 0.90 
2.011538 0.263333 0.90 
2.015385 0.263333 0.90 
2.019231 0.264444 0.90 
2.023077 0.265556 0.90 
2.026923 0.265556 0.90 
2.030769 0.266667 0.90 
2.034615 0.266667 0.90 
2.038462 0.267778 0.90 
2.042308 0.268889 0.90 
2.046154 0.268889 0.90 
2.050000 0.270000 0.90 
2.053846 0.271111 0.90 
2.057692 0.271111 0.90 
2.061538 0.272222 0.90 
2.065385 0.272222 0.90 
2.069231 0.273333 0.90 
2.073077 0.274444 0.90 
2.076923 0.274444 0.90 
2.080769 0.275556 0.90 
2.084615 0.275556 0.90 
2.088462 0.276667 0.90 
2.092308 0.277778 0.90 
2.096154 0.277778 0.90 
2.100000 0.278889 0.90 
2.103846 0.280000 0.90 
2.107692 0.280000 0.90 
2.111538 0.281111 0.90 
2.115385 0.281111 0.90 
2.119231 0.282222 0.90 
2.123077 0.283333 0.90 
2.126923 0.283333 0.90 
2.130769 0.284444 0.90 
2.134615 0.284444 0.90 
2.138462 0.285556 0.90 
2.142308 0.286667 0.90 
2.146154 0.286667 0.90 
2.150000 0.287778 0.90 
2.153846 0.287778 0.90 
2.157692 0.288889 0.90 
2.161538 0.290000 0.90 
2.165385 0.290000 0.90 
2.169231 0.291111 0.90 
2.173077 0.291111 0.90 
2.176923 0.292222 0.90 
2.180769 0.293333 0.90 
2.184615 0.293333 0.90 
2.188462 0.294444 0.90 
2.192308 0.294444 0.90 
2.196154 0.295556 0.90 
2.200000 0.295556 0.90 
2.203846 0.296667 0.90 
2.207692 0.297778 0.90 
2.211538 0.297778 0.90 
2.215385 0.298889 0.90 
2.219231 0.298889 0.90 
2.223077 0.300000 0.90 
2.226923 0.301111 0.90 
2.230769 0.301111 0.90 
2.234615 0.302222 0.90 
2.238462 0.302222 0.90 
2.242308 0.303333 0.90 
2.246154 0.303333 0.90 
2.250000 0.304444 0.90 
2.253846 0.305556 0.90 
2.257692 0.305556 0.90 
2.261538 0.306667 0.90 
2.265385 0.306667 0.90 
2.269231 0.307778 0.90 
2.273077 0.307778 0.90 
2.276923 0.308889 0.90 
2.280769 0.310000 0.90 
2.284615 0.310000 0.90 
2.288462 0.311111 0.90 
2.292308 0.311111 0.90 
2.296154 0.312222 0.90 
2.300000 0.312222 0.90 
2.303846 0.313333 0.90 
2.307692 0.313333 0.90 
2.311538 0.314444 0.90 
2.315385 0.315556 0.90 
2.319231 0.315556 0.90 
2.323077 0.316667 0.90 
2.326923 0.316667 0.90 
2.330769 0.317778 0.90 
2.334615 0.317778 0.90 
2.338462 0.318889 0.90 
2.342308 0.318889 0.90 
2.346154 0.320000 0.90 
2.350000 0.320000 0.90 
2.353846 0.321111 0.90 
2.357692 0.321111 0.90 
2.361538 0.322222 0.90 
2.365385 0.323333 0.90 
2.369231 0.323333 0.90 
2.373077 0.324444 0.90 
2.376923 0.324444 0.90 
2.380769 0.325556 0.90 
2.384615 0.325556 0.90 
2.388462 0.326667 0.90 
2.392308 0.326667 0.90 
2.396154 0.327778 0.90 
2.400000 0.327778 0.90 
2.403846 0.328889 0.90 
2.407692 0.328889 0.90 
2.411538 0.330000 0.90 
2.415385 0.330000 0.90 
2.419231 0.331111 0.90 
2.423077 0.331111 0.90 
2.426923 0.332222 0.90 
2.430769 0.332222 0.90 
2.434615 0.333333 0.90 
2.438462 0.333333 0.90 
2.442308 0.334444 0.90 
2.446154 0.334444 0.90 
2.450000 0.335556 0.90 
2.453846 0.335556 0.90 
2.457692 0.336667 0.90 
2.461538 0.336667 0.90 
2.465385 0.336667 0.90 
2.469231 0.337778 0.90 
2.473077 0.337778 0.90 
2.476923 0.338889 0.90 
2.480769 0.338889 0.90 
2.484615 0.340000 0.90 
2.488462 0.340000 0.90 
2.492308 0.341111 0.90 
2.496154 0.341111 0.90 
2.500000 0.342222 0.90 
2.503846 0.342222 0.90 
2.507692 0.342222 0.90 
2.511538 0.343333 0.90 
2.515385 0.343333 0.90 
2.519231 0.344444 0.90 
2.523077 0.344444 0.90 
2.526923 0.345556 0.90 
2.530769 0.345556 0.90 
2.534615 0.345556 0.90 
2.538462 0.346667 0.90 
2.542308 0.346667 0.90 
2.546154 0.346667 0.90 
2.550000 0.347778 0.90 
2.553846 0.347778 0.90 
2.557692 0.348889 0.90 
2.561538 0.348889 0.90 
2.565385 0.348889 0.90 
2.569231 0.350000 0.90 
2.573077 0.350000 0.90 
2.576923 0.350000 0.90 
2.580769 0.351111 0.90 
2.584615 0.351111 0.90 
2.588462 0.351111 0.90 
2.592308 0.352222 0.90 
2.596154 0.352222 0.90 
2.600000 0.352222 0.90 
2.603846 0.353333 0.90 
2.607692 0.353333 0.90 
2.611538 0.353333 0.90 
2.615385 0.353333 0.90 
2.619231 0.354444 0.90 
2.623077 0.354444 0.90 
2.626923 0.354444 0.90 
2.630769 0.354444 0.90 
2.634615 0.355556 0.90 
2.638462 0.355556 0.90 
2.642308 0.355556 0.90 
2.646154 0.355556 0.90 
2.650000 0.356667 0.90 
2.653846 0.356667 0.90 
2.657692 0.356667 0.90 
2.661538 0.356667 0.90 
2.665385 0.356667 0.90 
2.669231 0.357778 0.90 
2.673077 0.357778 0.90 
2.676923 0.357778 0.90 
2.680769 0.357778 0.90 
2.684615 0.357778 0.90 
2.688462 0.357778 0.90 
2.692308 0.357778 0.90 
2.696154 0.357778 0.90 
2.700000 0.358889 0.90 
2.703846 0.358889 0.90 
2.707692 0.358889 0.90 
2.711538 0.358889 0.90 
2.715385 0.358889 0.90 
2.719231 0.358889 0.90 
2.723077 0.358889 0.90 
2.726923 0.358889 0.90 
2.730769 0.358889 0.90 
2.734615 0.358889 0.90 
2.738462 0.358889 0.90 
2.742308 0.358889 0.90 
2.746154 0.358889 0.90 
2.750000 0.357778 0.90 
2.753846 0.357778 0.90 
2.757692 0.357778 0.90 
2.761538 0.357778 0.90 
2.765385 0.357778 0.90 
2.769231 0.357778 0.90 
2.773077 0.356667 0.90 
2.776923 0.356667 0.90 
2.780769 0.356667 0.90 
2.784615 0.355556 0.90 
2.788462 0.355556 0.90 
2.792308 0.355556 0.90 
2.796154 0.354444 0.90 
2.800000 0.354444 0.90 
2.803846 0.354444 0.90 
2.807692 0.353333 0.90 
2.811538 0.353333 0.90 
2.815385 0.352222 0.90 
2.819231 0.351111 0.90 
2.823077 0.351111 0.90 
2.826923 0.350000 0.90 
2.830769 0.350000 0.90 
2.834615 0.348889 0.90 
2.838462 0.347778 0.90 
2.842308 0.346667 0.90 
2.846154 0.345556 0.90 
2.850000 0.345556 0.90 
2.853846 0.344444 0.90 
2.857692 0.343333 0.90 
2.861538 0.342222 0.90 
2.865385 0.341111 0.90 
2.869231 0.340000 0.90 
2.873077 0.338889 0.90 
2.876923 0.337778 0.90 
2.880769 0.336667 0.90 
2.884615 0.335556 0.90 
2.888462 0.334444 0.90 
1.273077 0.092222 0.90 
1.276923 0.092222 0.90 
1.280769 0.091111 0.90 
1.284615 0.091111 0.90 
1.288462 0.090000 0.90 
1.292308 0.090000 0.90 
1.296154 0.088889 0.90 
1.300000 0.088889 0.90 
1.303846 0.088889 0.90 
1.307692 0.087778 0.90 
1.311538 0.087778 0.90 
1.315385 0.087778 0.90 
1.319231 0.087778 0.90 
1.323077 0.086667 0.90 
1.326923 0.086667 0.90 
1.330769 0.086667 0.90 
1.334615 0.086667 0.90 
1.338462 0.086667 0.90 
1.342308 0.086667 0.90 
1.346154 0.086667 0.90 
1.350000 0.086667 0.90 
1.353846 0.086667 0.90 
1.357692 0.086667 0.90 
1.361538 0.086667 0.90 
1.365385 0.086667 0.90 
1.369231 0.087778 0.90 
1.373077 0.087778 0.90 
1.376923 0.087778 0.90 
1.380769 0.087778 0.90 
1.384615 0.087778 0.90 
1.388462 0.087778 0.90 
1.392308 0.087778 0.90 
1.396154 0.087778 0.90 
1.400000 0.088889 0.90 
1.403846 0.088889 0.90 
1.407692 0.088889 0.90 
1.411538 0.088889 0.90 
1.415385 0.088889 0.90 
1.419231 0.088889 0.90 
1.423077 0.090000 0.90 
1.426923 0.090000 0.90 
1.430769 0.090000 0.90 
1.434615 0.090000 0.90 
1.438462 0.090000 0.90 
1.442308 0.090000 0.90 
1.446154 0.091111 0.90 
1.450000 0.091111 0.90 
1.453846 0.091111 0.90 
1.457692 0.091111 0.90 
1.461538 0.091111 0.90 
1.465385 0.092222 0.90 
1.469231 0.092222 0.90 
1.473077 0.092222 0.90 
1.476923 0.092222 0.90 
1.480769 0.093333 0.90 
1.484615 0.093333 0.90 
1.488462 0.093333 0.90 
1.492308 0.093333 0.90 
1.496154 0.094444 0.90 
1.500000 0.094444 0.90 
1.503846 0.094444 0.90 
1.507692 0.094444 0.90 
1.511538 0.095556 0.90 
1.515385 0.095556 0.90 
1.519231 0.095556 0.90 
1.523077 0.095556 0.90 
1.526923 0.096667 0.90 
1.530769 0.096667 0.90 
1.534615 0.096667 0.90 
1.538462 0.096667 0.90 
1.542308 0.097778 0.90 
1.546154 0.097778 0.90 
1.550000 0.097778 0.90 
1.553846 0.097778 0.90 
1.557692 0.098889 0.90 
1.561538 0.098889 0.90 
1.565385 0.098889 0.90 
1.569231 0.100000 0.90 
1.573077 0.100000 0.90 
1.576923 0.100000 0.90 
1.580769 0.100000 0.90 
1.584615 0.101111 0.90 
1.588462 0.101111 0.90 
1.592308 0.101111 0.90 
1.596154 0.102222 0.90 
1.600000 0.102222 0.90 
1.603846 0.102222 0.90 
1.607692 0.102222 0.90 
1.611538 0.103333 0.90 
1.615385 0.103333 0.90 
1.619231 0.103333 0.90 
1.623077 0.103333 0.90 
1.626923 0.104444 0.90 
1.630769 0.104444 0.90 
1.634615 0.104444 0.90 
1.638462 0.105556 0.90 
1.642308 0.105556 0.90 
1.646154 0.105556 0.90 
1.650000 0.106667 0.90 
1.653846 0.106667 0.90 
1.657692 0.106667 0.90 
1.661538 0.106667 0.90 
1.665385 0.107778 0.90 
1.669231 0.107778 0.90 
1.673077 0.107778 0.90 
1.676923 0.108889 0.90 
1.680769 0.108889 0.90 
1.684615 0.108889 0.90 
1.688462 0.110000 0.90 
1.692308 0.110000 0.90 
1.696154 0.110000 0.90 
1.700000 0.111111 0.90 
1.703846 0.111111 0.90 
1.707692 0.111111 0.90 
1.711538 0.111111 0.90 
1.715385 0.112222 0.90 
1.719231 0.112222 0.90 
1.723077 0.112222 0.90 
1.726923 0.113333 0.90 
1.730769 0.113333 0.90 
1.734615 0.113333 0.90 
1.738462 0.114444 0.90 
1.742308 0.114444 0.90 
1.746154 0.114444 0.90 
1.750000 0.115556 0.90 
1.753846 0.115556 0.90 
1.757692 0.115556 0.90 
1.761538 0.116667 0.90 
1.765385 0.116667 0.90 
1.769231 0.116667 0.90 
1.773077 0.117778 0.90 
1.776923 0.117778 0.90 
1.780769 0.117778 0.90 
1.784615 0.118889 0.90 
1.788462 0.118889 0.90 
1.792308 0.118889 0.90 
1.796154 0.120000 0.90 
1.800000 0.120000 0.90 
1.803846 0.120000 0.90 
1.807692 0.121111 0.90 
1.811538 0.121111 0.90 
1.815385 0.121111 0.90 
1.819231 0.122222 0.90 
1.823077 0.122222 0.90 
1.826923 0.122222 0.90 
1.830769 0.123333 0.90 
1.834615 0.123333 0.90 
1.838462 0.123333 0.90 
1.842308 0.124444 0.90 
1.846154 0.124444 0.90 
1.850000 0.124444 0.90 
1.853846 0.125556 0.90 
1.857692 0.125556 0.90 
1.861538 0.125556 0.90 
1.865385 0.126667 0.90 
1.869231 0.126667 0.90 
1.873077 0.126667 0.90 
1.876923 0.127778 0.90 
1.880769 0.127778 0.90 
1.884615 0.127778 0.90 
1.888462 0.128889 0.90 
1.892308 0.128889 0.90 
1.896154 0.128889 0.90 
1.900000 0.130000 0.90 
1.903846 0.130000 0.90 
1.907692 0.130000 0.90 
1.911538 0.131111 0.90 
1.915385 0.131111 0.90 
1.919231 0.131111 0.90 
1.923077 0.132222 0.90 
1.926923 0.132222 0.90 
1.930769 0.133333 0.90 
1.934615 0.133333 0.90 
1.938462 0.133333 0.90 
1.942308 0.134444 0.90 
1.946154 0.134444 0.90 
1.950000 0.134444 0.90 
1.953846 0.135556 0.90 
1.957692 0.135556 0.90 
1.961538 0.135556 0.90 
1.965385 0.136667 0.90 
1.969231 0.136667 0.90 
1.973077 0.137778 0.90 
1.976923 0.137778 0.90 
1.980769 0.137778 0.90 
1.984615 0.138889 0.90 
1.988462 0.138889 0.90 
1.992308 0.138889 0.90 
1.996154 0.140000 0.90 
2.000000 0.140000 0.90 
2.003846 0.140000 0.90 
2.007692 0.141111 0.90 
2.011538 0.141111 0.90 
2.015385 0.142222 0.90 
2.019231 0.142222 0.90 
2.023077 0.142222 0.90 
2.026923 0.143333 0.90 
2.030769 0.143333 0.90 
2.034615 0.143333 0.90 
2.038462 0.144444 0.90 
2.042308 0.144444 0.90 
2.046154 0.144444 0.90 
2.050000 0.145556 0.90 
2.053846 0.145556 0.90 
2.057692 0.146667 0.90 
2.061538 0.146667 0.90 
2.065385 0.146667 0.90 
2.069231 0.147778 0.90 
2.073077 0.147778 0.90 
2.076923 0.148889 0.90 
2.080769 0.148889 0.90 
2.084615 0.148889 0.90 
2.088462 0.150000 0.90 
2.092308 0.150000 0.90 
2.096154 0.151111 0.90 
2.100000 0.151111 0.90 
2.103846 0.151111 0.90 
2.107692 0.152222 0.90 
2.111538 0.152222 0.90 
2.115385 0.153333 0.90 
2.119231 0.153333 0.90 
2.123077 0.153333 0.90 
2.126923 0.154444 0.90 
2.130769 0.154444 0.90 
2.134615 0.155556 0.90 
2.138462 0.155556 0.90 
2.142308 0.155556 0.90 
2.146154 0.156667 0.90 
2.150000 0.156667 0.90 
2.153846 0.156667 0.90 
2.157692 0.157778 0.90 
2.161538 0.157778 0.90 
2.165385 0.158889 0.90 
2.169231 0.158889 0.90 
2.173077 0.158889 0.90 
2.176923 0.160000 0.90 
2.180769 0.160000 0.90 
2.184615 0.161111 0.90 
2.188462 0.161111 0.90 
2.192308 0.162222 0.90 
2.196154 0.162222 0.90 
2.200000 0.162222 0.90 
2.203846 0.163333 0.90 
2.207692 0.163333 0.90 
2.211538 0.164444 0.90 
2.215385 0.164444 0.90 
2.219231 0.164444 0.90 
2.223077 0.165556 0.90 
2.226923 0.165556 0.90 
2.230769 0.166667 0.90 
2.234615 0.166667 0.90 
2.238462 0.167778 0.90 
2.242308 0.167778 0.90 
2.246154 0.167778 0.90 
2.250000 0.168889 0.90 
2.253846 0.168889 0.90 
2.257692 0.170000 0.90 
2.261538 0.170000 0.90 
2.265385 0.171111 0.90 
2.269231 0.171111 0.90 
2.273077 0.171111 0.90 
2.276923 0.172222 0.90 
2.280769 0.172222 0.90 
2.284615 0.173333 0.90 
2.288462 0.173333 0.90 
2.292308 0.174444 0.90 
2.296154 0.174444 0.90 
2.300000 0.175556 0.90 
2.303846 0.175556 0.90 
2.307692 0.175556 0.90 
2.311538 0.176667 0.90 
2.315385 0.176667 0.90 
2.319231 0.177778 0.90 
2.323077 0.177778 0.90 
2.326923 0.178889 0.90 
2.330769 0.178889 0.90 
2.334615 0.180000 0.90 
2.338462 0.180000 0.90 
2.342308 0.181111 0.90 
2.346154 0.181111 0.90 
2.350000 0.181111 0.90 
2.353846 0.182222 0.90 
2.357692 0.182222 0.90 
2.361538 0.183333 0.90 
2.365385 0.183333 0.90 
2.369231 0.184444 0.90 
2.373077 0.184444 0.90 
2.376923 0.185556 0.90 
2.380769 0.185556 0.90 
2.384615 0.186667 0.90 
2.388462 0.186667 0.90 
2.392308 0.187778 0.90 
2.396154 0.187778 0.90 
2.400000 0.188889 0.90 
2.403846 0.188889 0.90 
2.407692 0.190000 0.90 
2.411538 0.190000 0.90 
2.415385 0.191111 0.90 
2.419231 0.191111 0.90 
2.423077 0.192222 0.90 
2.426923 0.192222 0.90 
2.430769 0.193333 0.90 
2.434615 0.193333 0.90 
2.438462 0.194444 0.90 
2.442308 0.194444 0.90 
2.446154 0.195556 0.90 
2.450000 0.195556 0.90 
2.453846 0.196667 0.90 
2.457692 0.196667 0.90 
2.461538 0.197778 0.90 
2.465385 0.197778 0.90 
2.469231 0.198889 0.90 
2.473077 0.198889 0.90 
2.476923 0.200000 0.90 
2.480769 0.201111 0.90 
2.484615 0.201111 0.90 
2.488462 0.202222 0.90 
2.492308 0.202222 0.90 
2.496154 0.203333 0.90 
2.500000 0.203333 0.90 
2.503846 0.204444 0.90 
2.507692 0.205556 0.90 
2.511538 0.205556 0.90 
2.515385 0.206667 0.90 
2.519231 0.206667 0.90 
2.523077 0.207778 0.90 
2.526923 0.207778 0.90 
2.530769 0.208889 0.90 
2.534615 0.210000 0.90 
2.538462 0.210000 0.90 
2.542308 0.211111 0.90 
2.546154 0.211111 0.90 
2.550000 0.212222 0.90 
2.553846 0.213333 0.90 
2.557692 0.213333 0.90 
2.561538 0.214444 0.90 
2.565385 0.215556 0.90 
2.569231 0.215556 0.90 
2.573077 0.216667 0.90 
2.576923 0.217778 0.90 
2.580769 0.217778 0.90 
2.584615 0.218889 0.90 
2.588462 0.220000 0.90 
2.592308 0.220000 0.90 
2.596154 0.221111 0.90 
2.600000 0.222222 0.90 
2.603846 0.222222 0.90 
2.607692 0.223333 0.90 
2.611538 0.224444 0.90 
2.615385 0.224444 0.90 
2.619231 0.225556 0.90 
2.623077 0.226667 0.90 
2.626923 0.227778 0.90 
2.630769 0.227778 0.90 
2.634615 0.228889 0.90 
2.638462 0.230000 0.90 
2.642308 0.231111 0.90 
2.646154 0.231111 0.90 
2.650000 0.232222 0.90 
2.653846 0.233333 0.90 
2.657692 0.234444 0.90 
2.661538 0.235556 0.90 
2.665385 0.236667 0.90 
2.669231 0.236667 0.90 
2.673077 0.237778 0.90 
2.676923 0.238889 0.90 
2.680769 0.240000 0.90 
2.684615 0.241111 0.90 
2.688462 0.242222 0.90 
2.692308 0.243333 0.90 
2.696154 0.244444 0.90 
2.700000 0.245556 0.90 
2.703846 0.246667 0.90 
2.707692 0.246667 0.90 
2.711538 0.247778 0.90 
2.715385 0.248889 0.90 
2.719231 0.251111 0.90 
2.723077 0.252222 0.90 
2.726923 0.253333 0.90 
2.730769 0.254444 0.90 
2.734615 0.255556 0.90 
2.738462 0.256667 0.90 
2.742308 0.257778 0.90 
2.746154 0.258889 0.90 
2.750000 0.260000 0.90 
2.753846 0.261111 0.90 
2.757692 0.263333 0.90 
2.761538 0.264444 0.90 
2.765385 0.265556 0.90 
2.769231 0.267778 0.90 
2.773077 0.268889 0.90 
2.776923 0.270000 0.90 
2.780769 0.272222 0.90 
2.784615 0.273333 0.90 
2.788462 0.274444 0.90 
2.792308 0.276667 0.90 
2.796154 0.277778 0.90 
2.800000 0.280000 0.90 
2.803846 0.282222 0.90 
2.807692 0.283333 0.90 
2.811538 0.285556 0.90 
2.815385 0.287778 0.90 
2.819231 0.288889 0.90 
2.823077 0.291111 0.90 
2.826923 0.293333 0.90 
2.830769 0.295556 0.90 
2.834615 0.297778 0.90 
2.838462 0.300000 0.90 
2.842308 0.302222 0.90 
2.846154 0.305556 0.90 
2.850000 0.307778 0.90 
2.853846 0.310000 0.90 
2.857692 0.312222 0.90 
2.861538 0.315556 0.90 
2.865385 0.317778 0.90 
2.869231 0.320000 0.90 
2.873077 0.323333 0.90 
2.876923 0.325556 0.90 
2.880769 0.328889 0.90 
2.884615 0.331111 0.90 
2.888462 0.332222 0.90 
2.892308 0.332222 0.90 
