0.200000 0.191111 0.20 
0.203846 0.193333 0.20 
0.207692 0.196667 0.20 
0.211538 0.198889 0.20 
0.215385 0.202222 0.20 
0.219231 0.205556 0.20 
0.223077 0.207778 0.20 
0.226923 0.211111 0.20 
0.230769 0.213333 0.20 
0.234615 0.216667 0.20 
0.238462 0.220000 0.20 
0.242308 0.222222 0.20 
0.246154 0.225556 0.20 
0.250000 0.228889 0.20 
0.253846 0.231111 0.20 
0.257692 0.234444 0.20 
0.261538 0.237778 0.20 
0.265385 0.241111 0.20 
0.269231 0.243333 0.20 
0.273077 0.246667 0.20 
0.276923 0.250000 0.20 
0.280769 0.253333 0.20 
0.284615 0.256667 0.20 
0.288462 0.260000 0.20 
0.292308 0.262222 0.20 
0.296154 0.265556 0.20 
0.300000 0.268889 0.20 
0.303846 0.272222 0.20 
0.307692 0.275556 0.20 
0.311538 0.278889 0.20 
0.315385 0.282222 0.20 
0.319231 0.285556 0.20 
0.323077 0.288889 0.20 
0.326923 0.291111 0.20 
0.330769 0.294444 0.20 
0.334615 0.297778 0.20 
0.338462 0.301111 0.20 
0.342308 0.303333 0.20 
0.346154 0.306667 0.20 
0.350000 0.310000 0.20 
0.353846 0.313333 0.20 
0.357692 0.316667 0.20 
0.361538 0.318889 0.20 
0.365385 0.322222 0.20 
0.369231 0.325556 0.20 
0.373077 0.327778 0.20 
0.376923 0.331111 0.20 
0.380769 0.334444 0.20 
0.384615 0.337778 0.20 
0.388462 0.337778 0.20 
0.392308 0.337778 0.20 
0.223077 0.136667 0.30 
0.226923 0.138889 0.30 
0.230769 0.141111 0.30 
0.234615 0.143333 0.30 
0.238462 0.145556 0.30 
0.242308 0.148889 0.30 
0.246154 0.151111 0.30 
0.250000 0.153333 0.30 
0.253846 0.155556 0.30 
0.257692 0.157778 0.30 
0.261538 0.161111 0.30 
0.265385 0.163333 0.30 
0.269231 0.165556 0.30 
0.273077 0.167778 0.30 
0.276923 0.171111 0.30 
0.280769 0.173333 0.30 
0.284615 0.175556 0.30 
0.288462 0.177778 0.30 
0.292308 0.180000 0.30 
0.296154 0.182222 0.30 
0.300000 0.184444 0.30 
0.303846 0.187778 0.30 
0.307692 0.190000 0.30 
0.311538 0.192222 0.30 
0.315385 0.194444 0.30 
0.319231 0.196667 0.30 
0.323077 0.198889 0.30 
0.326923 0.201111 0.30 
0.330769 0.204444 0.30 
0.334615 0.206667 0.30 
0.338462 0.208889 0.30 
0.342308 0.211111 0.30 
0.346154 0.213333 0.30 
0.350000 0.215556 0.30 
0.353846 0.217778 0.30 
0.357692 0.220000 0.30 
0.361538 0.222222 0.30 
0.365385 0.224444 0.30 
0.369231 0.226667 0.30 
0.373077 0.228889 0.30 
0.376923 0.232222 0.30 
0.380769 0.234444 0.30 
0.384615 0.236667 0.30 
0.388462 0.238889 0.30 
0.392308 0.241111 0.30 
0.396154 0.243333 0.30 
0.400000 0.245556 0.30 
0.403846 0.247778 0.30 
0.407692 0.250000 0.30 
0.411538 0.252222 0.30 
0.415385 0.254444 0.30 
0.419231 0.256667 0.30 
0.423077 0.258889 0.30 
0.426923 0.261111 0.30 
0.430769 0.263333 0.30 
0.434615 0.265556 0.30 
0.438462 0.267778 0.30 
0.442308 0.270000 0.30 
0.446154 0.272222 0.30 
0.450000 0.274444 0.30 
0.453846 0.276667 0.30 
0.457692 0.278889 0.30 
0.461538 0.281111 0.30 
0.465385 0.283333 0.30 
0.469231 0.286667 0.30 
0.473077 0.288889 0.30 
0.476923 0.291111 0.30 
0.480769 0.293333 0.30 
0.484615 0.295556 0.30 
0.488462 0.297778 0.30 
0.492308 0.300000 0.30 
0.496154 0.302222 0.30 
0.500000 0.304444 0.30 
0.503846 0.306667 0.30 
0.507692 0.308889 0.30 
0.511538 0.311111 0.30 
0.515385 0.313333 0.30 
0.519231 0.315556 0.30 
0.523077 0.317778 0.30 
0.526923 0.320000 0.30 
0.530769 0.322222 0.30 
0.534615 0.324444 0.30 
0.538462 0.326667 0.30 
0.542308 0.328889 0.30 
0.546154 0.332222 0.30 
0.550000 0.334444 0.30 
0.553846 0.336667 0.30 
0.557692 0.338889 0.30 
0.561538 0.338889 0.30 
0.565385 0.338889 0.30 
