0.20 0.050
0.20 0.071
0.20 0.092
0.20 0.113
0.20 0.133
0.20 0.154
0.20 0.175
0.20 0.196
0.20 0.217
0.20 0.237
0.20 0.258
0.20 0.279
0.20 0.300
0.30 0.050
0.30 0.071
0.30 0.092
0.30 0.113
0.30 0.133
0.30 0.154
0.30 0.175
0.30 0.196
0.30 0.217
0.30 0.237
0.30 0.258
0.30 0.279
0.30 0.300
0.40 0.050
0.40 0.071
0.40 0.092
0.40 0.113
0.40 0.133
0.40 0.154
0.40 0.175
0.40 0.196
0.40 0.217
0.40 0.237
0.40 0.258
0.40 0.279
0.40 0.300
0.50 0.050
0.50 0.071
0.50 0.092
0.50 0.113
0.50 0.133
0.50 0.154
0.50 0.175
0.50 0.196
0.50 0.217
0.50 0.237
0.50 0.258
0.50 0.279
0.50 0.300
0.60 0.050
0.60 0.071
0.60 0.092
0.60 0.113
0.60 0.133
0.60 0.154
0.60 0.175
0.60 0.196
0.60 0.217
0.60 0.237
0.60 0.258
0.60 0.279
0.60 0.300
0.70 0.050
0.70 0.071
0.70 0.092
0.70 0.113
0.70 0.133
0.70 0.154
0.70 0.175
0.70 0.196
0.70 0.217
0.70 0.237
0.70 0.258
0.70 0.279
0.70 0.300
0.80 0.050
0.80 0.071
0.80 0.092
0.80 0.113
0.80 0.133
0.80 0.154
0.80 0.175
0.80 0.196
0.80 0.217
0.80 0.237
0.80 0.258
0.80 0.279
0.80 0.300
0.90 0.050
0.90 0.071
0.90 0.092
0.90 0.113
0.90 0.133
0.90 0.154
0.90 0.175
0.90 0.196
0.90 0.217
0.90 0.237
0.90 0.258
0.90 0.279
0.90 0.300
1.00 0.050
1.00 0.071
1.00 0.092
1.00 0.113
1.00 0.133
1.00 0.154
1.00 0.175
1.00 0.196
1.00 0.217
1.00 0.237
1.00 0.258
1.00 0.279
1.00 0.300
1.10 0.050
1.10 0.071
1.10 0.092
1.10 0.113
1.10 0.133
1.10 0.154
1.10 0.175
1.10 0.196
1.10 0.217
1.10 0.237
1.10 0.258
1.10 0.279
1.10 0.300
1.20 0.050
1.20 0.071
1.20 0.092
1.20 0.113
1.20 0.133
1.20 0.154
1.20 0.175
1.20 0.196
1.20 0.217
1.20 0.237
1.20 0.258
1.20 0.279
1.20 0.300
1.30 0.050
1.30 0.071
1.30 0.092
1.30 0.113
1.30 0.133
1.30 0.154
1.30 0.175
1.30 0.196
1.30 0.217
1.30 0.237
1.30 0.258
1.30 0.279
1.30 0.300
1.40 0.050
1.40 0.071
1.40 0.092
1.40 0.113
1.40 0.133
1.40 0.154
1.40 0.175
1.40 0.196
1.40 0.217
1.40 0.237
1.40 0.258
1.40 0.279
1.40 0.300
